Bulbasaur,45,49,49,65,65,45,0,0,0,1,0,0
Ivysaur,60,62,63,80,80,60,0,0,0,1,1,0
Venusaur,80,82,83,100,100,80,0,0,0,2,1,0
Charmander,39,52,43,60,50,65,0,0,0,0,0,1
Charmeleon,58,64,58,80,65,80,0,0,0,1,0,1
Charizard,78,84,78,109,85,100,0,0,0,3,0,0
Squirtle,44,48,65,50,64,43,0,0,1,0,0,0
Wartortle,59,63,80,65,80,58,0,0,1,0,1,0
Blastoise,79,83,100,85,105,78,0,0,0,0,3,0
Caterpie,45,30,35,20,20,45,1,0,0,0,0,0
Metapod,50,20,55,25,25,30,0,0,2,0,0,0
Butterfree,60,45,50,80,80,70,0,0,0,2,1,0
Weedle,40,35,30,20,20,50,0,0,0,0,0,1
Kakuna,45,25,50,25,25,35,0,0,2,0,0,0
Beedrill,65,80,40,45,80,75,0,2,0,0,1,0
Pidgey,40,45,40,35,35,56,0,0,0,0,0,1
Pidgeotto,63,60,55,50,50,71,0,0,0,0,0,2
Pidgeot,83,80,75,70,70,91,0,0,0,0,0,3
Rattata,30,56,35,25,35,72,0,0,0,0,0,1
Raticate,55,81,60,50,70,97,0,0,0,0,0,2
Spearow,40,60,30,31,31,70,0,0,0,0,0,1
Fearow,65,90,65,61,61,100,0,0,0,0,0,2
Ekans,35,60,44,40,54,55,0,1,0,0,0,0
Arbok,60,85,69,65,79,80,0,2,0,0,0,0
Pikachu,35,55,30,50,40,90,0,0,0,0,0,2
Raichu,60,90,55,90,80,100,0,0,0,0,0,3
Sandshrew,50,75,85,20,30,40,0,0,1,0,0,0
Sandslash,75,100,110,45,55,65,0,0,2,0,0,0
Nidoran (Female),55,47,52,40,40,41,1,0,0,0,0,0
Nidorina,70,62,67,55,55,56,2,0,0,0,0,0
Nidoqueen,90,82,87,75,85,76,3,0,0,0,0,0
Nidoran (Male),46,57,40,40,40,50,0,1,0,0,0,0
Nidorino,61,72,57,55,55,65,0,2,0,0,0,0
Nidoking,81,92,77,85,75,85,0,3,0,0,0,0
Clefairy,70,45,48,60,65,35,2,0,0,0,0,0
Clefable,95,70,73,85,90,60,3,0,0,0,0,0
Vulpix,38,41,40,50,65,65,0,0,0,0,0,1
Ninetales,73,76,75,81,100,100,0,0,0,0,1,1
Jigglypuff,115,45,20,45,25,20,2,0,0,0,0,0
Wigglytuff,140,70,45,75,50,45,3,0,0,0,0,0
Zubat,40,45,35,30,40,55,0,0,0,0,0,1
Golbat,75,80,70,65,75,90,0,0,0,0,0,2
Oddish,45,50,55,75,65,30,0,0,0,1,0,0
Gloom,60,65,70,85,75,40,0,0,0,2,0,0
Vileplume,75,80,85,100,90,50,0,0,0,3,0,0
Paras,35,70,55,45,55,25,0,1,0,0,0,0
Parasect,60,95,80,60,80,30,0,2,1,0,0,0
Venonat,60,55,50,40,55,45,0,0,0,0,1,0
Venomoth,70,65,60,90,75,90,0,0,0,1,0,1
Diglett,10,55,25,35,45,95,0,0,0,0,0,1
Dugtrio,35,80,50,50,70,120,0,0,0,0,0,2
Meowth,40,45,35,40,40,90,0,0,0,0,0,1
Persian,65,70,60,65,65,115,0,0,0,0,0,2
Psyduck,50,52,48,65,50,55,0,0,0,1,0,0
Golduck,80,82,78,95,80,85,0,0,0,2,0,0
Mankey,40,80,35,35,45,70,0,1,0,0,0,0
Primeape,65,105,60,60,70,95,0,2,0,0,0,0
Growlithe,55,70,45,70,50,60,0,1,0,0,0,0
Arcanine,90,110,80,100,80,95,0,2,0,0,0,0
Poliwag,40,50,40,40,40,90,0,0,0,0,0,1
Poliwhirl,65,65,65,50,50,90,0,0,0,0,0,2
Poliwrath,90,85,95,70,90,70,0,0,3,0,0,0
Abra,25,20,15,105,55,90,0,0,0,1,0,0
Kadabra,40,35,30,120,70,105,0,0,0,2,0,0
Alakazam,55,50,45,135,85,120,0,0,0,3,0,0
Machop,70,80,50,35,35,35,0,1,0,0,0,0
Machoke,80,100,70,50,60,45,0,2,0,0,0,0
Machamp,90,130,80,65,85,55,0,3,0,0,0,0
Bellsprout,50,75,35,70,30,40,0,1,0,0,0,0
Weepinbell,65,90,50,85,45,55,0,2,0,0,0,0
Victreebel,80,105,65,100,60,70,0,3,0,0,0,0
Tentacool,40,40,35,50,100,70,0,0,0,0,1,0
Tentacruel,80,70,65,80,120,100,0,0,0,0,2,0
Geodude,40,80,100,30,30,20,0,0,1,0,0,0
Graveler,55,95,115,45,45,35,0,0,2,0,0,0
Golem,80,110,130,55,65,45,0,0,3,0,0,0
Ponyta,50,85,55,65,65,90,0,0,0,0,0,1
Rapidash,65,100,70,80,80,105,0,0,0,0,0,2
Slowpoke,90,65,65,40,40,15,1,0,0,0,0,0
Slowbro,95,75,110,100,80,30,0,0,2,0,0,0
Magnemite,25,35,70,95,55,45,0,0,0,1,0,0
Magneton,50,60,95,120,70,70,0,0,0,2,0,0
Farfetch'd,52,65,55,58,62,60,0,1,0,0,0,0
Doduo,35,85,45,35,35,75,0,1,0,0,0,0
Dodrio,60,110,70,60,60,100,0,2,0,0,0,0
Seel,65,45,55,45,70,45,0,0,0,0,1,0
Dewgong,90,70,80,70,95,70,0,0,0,0,2,0
Grimer,80,80,50,40,50,25,1,0,0,0,0,0
Muk,105,105,75,65,100,50,1,1,0,0,0,0
Shellder,30,65,100,45,25,40,0,0,1,0,0,0
Cloyster,50,95,180,85,45,70,0,0,2,0,0,0
Gastly,30,35,30,100,35,80,0,0,0,1,0,0
Haunter,45,50,45,115,55,95,0,0,0,2,0,0
Gengar,60,65,60,130,75,110,0,0,0,3,0,0
Onix,35,45,160,30,45,70,0,0,1,0,0,0
Drowzee,60,48,45,43,90,42,0,0,0,0,1,0
Hypno,85,73,70,73,115,67,0,0,0,0,2,0
Krabby,30,105,90,25,25,50,0,1,0,0,0,0
Kingler,55,130,115,50,50,75,0,2,0,0,0,0
Voltorb,40,30,50,55,55,100,0,0,0,0,0,1
Electrode,60,50,70,80,80,140,0,0,0,0,0,2
Exeggcute,60,40,80,60,45,40,0,0,1,0,0,0
Exeggutor,95,95,85,125,65,55,0,0,0,2,0,0
Cubone,50,50,95,40,50,35,0,0,1,0,0,0
Marowak,60,80,110,50,80,45,0,0,2,0,0,0
Hitmonlee,50,120,53,35,110,87,0,2,0,0,0,0
Hitmonchan,50,105,79,35,110,76,0,0,0,0,2,0
Lickitung,90,55,75,60,75,30,2,0,0,0,0,0
Koffing,40,65,95,60,45,35,0,0,1,0,0,0
Weezing,65,90,120,85,70,60,0,0,2,0,0,0
Rhyhorn,80,85,95,30,30,25,0,0,1,0,0,0
Rhydon,105,130,120,45,45,40,0,2,0,0,0,0
Chansey,250,5,5,35,105,50,2,0,0,0,0,0
Tangela,65,55,115,100,40,60,0,0,1,0,0,0
Kangaskhan,105,95,80,40,80,90,2,0,0,0,0,0
Horsea,30,40,70,70,25,60,0,0,0,1,0,0
Seadra,55,65,95,95,45,85,0,0,1,1,0,0
Goldeen,45,67,60,35,50,63,0,1,0,0,0,0
Seaking,80,92,65,65,80,68,0,2,0,0,0,0
Staryu,30,45,55,70,55,85,0,0,0,0,0,1
Starmie,60,75,85,100,85,115,0,0,0,0,0,2
Mr. Mime,40,45,65,100,120,90,0,0,0,0,2,0
Scyther,70,110,80,55,80,105,0,1,0,0,0,0
Jynx,65,50,35,115,95,95,0,0,0,2,0,0
Electabuzz,65,83,57,95,85,105,0,0,0,0,0,2
Magmar,65,95,57,100,85,93,0,0,0,2,0,0
Pinsir,65,125,100,55,70,85,0,2,0,0,0,0
Tauros,75,100,95,40,70,110,0,1,0,0,0,1
Magikarp,20,10,55,15,20,80,0,0,0,0,0,1
Gyarados,95,125,79,60,100,81,0,2,0,0,0,0
Lapras,130,85,80,85,95,60,2,0,0,0,0,0
Ditto,48,48,48,48,48,48,1,0,0,0,0,0
Eevee,55,55,50,45,65,55,0,0,0,0,1,0
Vaporeon,130,65,60,110,95,65,2,0,0,0,0,0
Jolteon,65,65,60,110,95,130,0,0,0,0,0,2
Flareon,65,130,60,95,110,65,0,2,0,0,0,0
Porygon,65,60,70,85,75,40,0,0,0,1,0,0
Omanyte,35,40,100,90,55,35,0,0,1,0,0,0
Omastar,70,60,125,115,70,55,0,0,2,0,0,0
Kabuto,30,80,90,55,45,55,0,0,1,0,0,0
Kabutops,60,115,105,65,70,80,0,2,0,0,0,0
Aerodactyl,80,105,65,60,75,130,0,0,0,0,0,2
Snorlax,160,110,65,65,110,30,2,0,0,0,0,0
Articuno,90,85,100,95,125,85,0,0,0,0,3,0
Zapdos,90,90,85,125,90,100,0,0,0,3,0,0
Moltres,90,100,90,125,85,90,0,0,0,3,0,0
Dratini,41,64,45,50,50,50,0,1,0,0,0,0
Dragonair,61,84,65,70,70,70,0,2,0,0,0,0
Dragonite,91,134,95,100,100,80,0,3,0,0,0,0
Mewtwo,106,110,90,154,90,130,0,0,0,3,0,0
Mew,100,100,100,100,100,100,3,0,0,0,0,0
Chikorita,45,49,65,49,65,45,0,0,0,0,1,0
Bayleef,60,62,80,63,80,60,0,0,1,0,1,0
Meganium,80,82,100,83,100,80,0,0,1,0,2,0
Cyndaquil,39,52,43,60,50,65,0,0,0,0,0,1
Quilava,58,64,58,80,65,80,0,0,0,1,0,1
Typhlosion,78,84,78,109,85,100,0,0,0,3,0,0
Totodile,50,65,64,44,48,43,0,1,0,0,0,0
Croconaw,65,80,80,59,63,58,0,1,1,0,0,0
Feraligatr,85,105,100,79,83,78,0,2,1,0,0,0
Sentret,35,46,34,35,45,20,0,1,0,0,0,0
Furret,85,76,64,45,55,90,0,0,0,0,0,2
Hoothoot,60,30,30,36,56,50,1,0,0,0,0,0
Noctowl,100,50,50,76,96,70,2,0,0,0,0,0
Ledyba,40,20,30,40,80,55,0,0,0,0,1,0
Ledian,55,35,50,55,110,85,0,0,0,0,2,0
Spinarak,40,60,40,40,40,30,0,1,0,0,0,0
Ariados,70,90,70,60,60,40,0,2,0,0,0,0
Crobat,85,90,80,70,80,130,0,0,0,0,0,3
Chinchou,75,38,38,56,56,67,1,0,0,0,0,0
Lanturn,125,58,58,76,76,67,2,0,0,0,0,0
Pichu,20,40,15,35,35,60,0,0,0,0,0,1
Cleffa,50,25,28,45,55,15,0,0,0,0,1,0
Igglybuff,90,30,15,40,20,15,1,0,0,0,0,0
Togepi,35,20,65,40,65,20,0,0,0,0,1,0
Togetic,55,40,85,80,105,40,0,0,0,0,2,0
Natu,40,50,45,70,45,70,0,0,0,1,0,0
Xatu,65,75,70,95,70,95,0,0,0,1,0,1
Mareep,55,40,40,65,45,35,0,0,0,1,0,0
Flaaffy,70,55,55,80,60,45,0,0,0,2,0,0
Ampharos,90,75,75,115,90,55,0,0,0,3,0,0
Bellossom,75,80,85,90,100,50,0,0,0,0,3,0
Marill,70,20,50,20,50,40,2,0,0,0,0,0
Azumarill,100,50,80,50,80,50,3,0,0,0,0,0
Sudowoodo,70,100,115,30,65,30,0,0,2,0,0,0
Politoed,90,75,75,90,100,70,0,0,0,0,3,0
Hoppip,35,35,40,35,55,50,0,0,0,0,1,0
Skiploom,55,45,50,45,65,80,0,0,0,0,0,2
Jumpluff,75,55,70,55,85,110,0,0,0,0,0,3
Aipom,55,70,55,40,55,85,0,0,0,0,0,1
Sunkern,30,30,30,30,30,30,0,0,0,1,0,0
Sunflora,75,75,55,105,85,30,0,0,0,2,0,0
Yanma,65,65,45,75,45,95,0,0,0,0,0,1
Wooper,55,45,45,25,25,15,1,0,0,0,0,0
Quagsire,95,85,85,65,65,35,2,0,0,0,0,0
Espeon,65,65,60,130,95,110,0,0,0,2,0,0
Umbreon,95,65,110,60,130,65,0,0,0,0,2,0
Murkrow,60,85,42,85,42,91,0,0,0,0,0,1
Slowking,95,75,80,100,110,30,0,0,0,0,3,0
Misdreavus,60,60,60,85,85,85,0,0,0,0,1,0
Unown,48,72,48,72,48,48,0,1,0,1,0,0
Wobbuffet,190,33,58,33,58,33,2,0,0,0,0,0
Girafarig,70,80,65,90,65,85,0,0,0,2,0,0
Pineco,50,65,90,35,35,15,0,0,1,0,0,0
Forretress,75,90,140,60,60,40,0,0,2,0,0,0
Dunsparce,100,70,70,65,65,45,1,0,0,0,0,0
Gligar,65,75,105,35,65,85,0,0,1,0,0,0
Steelix,75,85,200,55,65,30,0,0,2,0,0,0
Snubbull,60,80,50,40,40,30,0,1,0,0,0,0
Granbull,90,120,75,60,60,45,0,2,0,0,0,0
Qwilfish,65,95,75,55,55,85,0,1,0,0,0,0
Scizor,70,130,100,55,80,65,0,2,0,0,0,0
Shuckle,20,10,230,10,230,5,0,0,1,0,1,0
Heracross,80,125,75,40,95,85,0,2,0,0,0,0
Sneasel,55,95,55,35,75,115,0,0,0,0,0,1
Teddiursa,60,80,50,50,50,40,0,1,0,0,0,0
Ursaring,90,130,75,75,75,55,0,2,0,0,0,0
Slugma,40,40,40,70,40,20,0,0,0,1,0,0
Magcargo,50,50,120,80,80,30,0,0,2,0,0,0
Swinub,50,50,40,30,30,50,0,1,0,0,0,0
Piloswine,100,100,80,60,60,50,1,1,0,0,0,0
Corsola,55,55,85,65,85,35,0,0,1,0,1,0
Remoraid,35,65,35,65,35,65,0,0,0,1,0,0
Octillery,75,105,75,105,75,45,0,1,0,1,0,0
Delibird,45,55,45,65,45,75,0,0,0,0,0,1
Mantine,65,40,70,80,140,70,0,0,0,0,2,0
Skarmory,65,80,140,40,70,70,0,0,2,0,0,0
Houndour,45,60,30,80,50,65,0,0,0,1,0,0
Houndoom,75,90,50,110,80,95,0,0,0,2,0,0
Kingdra,75,95,95,95,95,85,0,1,0,1,1,0
Phanpy,90,60,60,40,40,40,1,0,0,0,0,0
Donphan,90,120,120,60,60,50,0,1,1,0,0,0
Porygon2,85,80,90,105,95,60,0,0,0,2,0,0
Stantler,73,95,62,85,65,85,0,1,0,0,0,0
Smeargle,55,20,35,20,45,75,0,0,0,0,0,1
Tyrogue,35,35,35,35,35,35,0,1,0,0,0,0
Hitmontop,50,95,95,35,110,70,0,0,0,0,2,0
Smoochum,45,30,15,85,65,65,0,0,0,1,0,0
Elekid,45,63,37,65,55,95,0,0,0,0,0,1
Magby,45,75,37,70,55,83,0,0,0,0,0,1
Miltank,95,80,105,40,70,100,0,0,2,0,0,0
Blissey,255,10,10,75,135,55,3,0,0,0,0,0
Raikou,90,85,75,115,100,115,0,0,0,1,0,2
Entei,115,115,85,90,75,100,1,2,0,0,0,0
Suicune,100,75,115,90,115,85,0,0,1,0,2,0
Larvitar,50,64,50,45,50,41,0,1,0,0,0,0
Pupitar,70,84,70,65,70,51,0,2,0,0,0,0
Tyranitar,100,134,110,95,100,61,0,3,0,0,0,0
Lugia,106,90,130,90,154,110,0,0,0,0,3,0
Ho-Oh,106,130,90,110,154,90,0,0,0,0,3,0
Celebi,100,100,100,100,100,100,3,0,0,0,0,0
Treecko,40,45,35,65,55,70,0,0,0,0,0,1
Grovyle,50,65,45,85,65,95,0,0,0,0,0,2
Sceptile,70,85,65,105,85,120,0,0,0,0,0,3
Torchic,45,60,40,70,50,45,0,0,0,1,0,0
Combusken,60,85,60,85,60,55,0,1,0,1,0,0
Blaziken,80,120,70,110,70,80,0,3,0,0,0,0
Mudkip,50,70,50,50,50,40,0,1,0,0,0,0
Marshtomp,70,85,70,60,70,50,0,2,0,0,0,0
Swampert,100,110,90,85,90,60,0,3,0,0,0,0
Poochyena,35,55,35,30,30,35,0,1,0,0,0,0
Mightyena,70,90,70,60,60,70,0,2,0,0,0,0
Zigzagoon,38,30,41,30,41,60,0,0,0,0,0,1
Linoone,78,70,61,50,61,100,0,0,0,0,0,2
Wurmple,45,45,35,20,30,20,1,0,0,0,0,0
Silcoon,50,35,55,25,25,15,0,0,2,0,0,0
Beautifly,60,70,50,90,50,65,0,0,0,3,0,0
Cascoon,50,35,55,25,25,15,0,0,2,0,0,0
Dustox,60,50,70,50,90,65,0,0,0,0,3,0
Lotad,40,30,30,40,50,30,0,0,0,0,1,0
Lombre,60,50,50,60,70,50,0,0,0,0,2,0
Ludicolo,80,70,70,90,100,70,0,0,0,0,3,0
Seedot,40,40,50,30,30,30,0,0,1,0,0,0
Nuzleaf,70,70,40,60,40,60,0,2,0,0,0,0
Shiftry,90,100,60,90,60,80,0,3,0,0,0,0
Taillow,40,55,30,30,30,85,0,0,0,0,0,1
Swellow,60,85,60,50,50,125,0,0,0,0,0,2
Wingull,40,30,30,55,30,85,0,0,0,0,0,1
Pelipper,60,50,100,85,70,65,0,0,2,0,0,0
Ralts,28,25,25,45,35,40,0,0,0,1,0,0
Kirlia,38,35,35,65,55,50,0,0,0,2,0,0
Gardevoir,68,65,65,125,115,80,0,0,0,3,0,0
Surskit,40,30,32,50,52,65,0,0,0,0,0,1
Masquerain,70,60,62,80,82,60,0,0,0,1,1,0
Shroomish,60,40,60,40,60,35,1,0,0,0,0,0
Breloom,60,130,80,60,60,70,0,2,0,0,0,0
Slakoth,60,60,60,35,35,30,1,0,0,0,0,0
Vigoroth,80,80,80,55,55,90,0,0,0,0,0,2
Slaking,150,160,100,95,65,100,3,0,0,0,0,0
Nincada,31,45,90,30,30,40,0,0,1,0,0,0
Ninjask,61,90,45,50,50,160,0,0,0,0,0,2
Shedinja,1,90,45,30,30,40,2,0,0,0,0,0
Whismur,64,51,23,51,23,28,1,0,0,0,0,0
Loudred,84,71,43,71,43,48,2,0,0,0,0,0
Exploud,104,91,63,91,63,68,3,0,0,0,0,0
Makuhita,72,60,30,20,30,25,1,0,0,0,0,0
Hariyama,144,120,60,40,60,50,2,0,0,0,0,0
Azurill,50,20,40,20,40,20,1,0,0,0,0,0
Nosepass,30,45,135,45,90,30,0,0,1,0,0,0
Skitty,50,45,45,35,35,50,0,0,0,0,0,1
Delcatty,70,65,65,55,55,70,1,0,0,0,0,1
Sableye,50,75,75,65,65,50,0,1,1,0,0,0
Mawile,50,85,85,55,55,50,0,1,1,0,0,0
Aron,50,70,100,40,40,30,0,0,1,0,0,0
Lairon,60,90,140,50,50,40,0,0,2,0,0,0
Aggron,70,110,180,60,60,50,0,0,3,0,0,0
Meditite,30,40,55,40,55,60,0,0,0,0,0,1
Medicham,60,60,75,60,75,80,0,0,0,0,0,2
Electrike,40,45,40,65,40,65,0,0,0,0,0,1
Manectric,70,75,60,105,60,105,0,0,0,0,0,2
Plusle,60,50,40,85,75,95,0,0,0,0,0,1
Minun,60,40,50,75,85,95,0,0,0,0,0,1
Volbeat,65,73,55,47,75,85,0,0,0,0,0,1
Illumise,65,47,55,73,75,85,0,0,0,0,0,1
Roselia,50,60,45,100,80,65,0,0,0,2,0,0
Gulpin,70,43,53,43,53,40,1,0,0,0,0,0
Swalot,100,73,83,73,83,55,2,0,0,0,0,0
Carvanha,45,90,20,65,20,65,0,1,0,0,0,0
Sharpedo,70,120,40,95,40,95,0,2,0,0,0,0
Wailmer,130,70,35,70,35,60,1,0,0,0,0,0
Wailord,170,90,45,90,45,60,2,0,0,0,0,0
Numel,60,60,40,65,45,35,0,0,0,1,0,0
Camerupt,70,100,70,105,75,40,0,1,0,1,0,0
Torkoal,70,85,140,85,70,20,0,0,2,0,0,0
Spoink,60,25,35,70,80,60,0,0,0,0,1,0
Grumpig,80,45,65,90,110,80,0,0,0,0,2,0
Spinda,60,60,60,60,60,60,0,0,0,1,0,0
Trapinch,45,100,45,45,45,10,0,1,0,0,0,0
Vibrava,50,70,50,50,50,70,0,1,0,0,0,1
Flygon,80,100,80,80,80,100,0,1,0,0,0,2
Cacnea,50,85,40,85,40,35,0,0,0,1,0,0
Cacturne,70,115,60,115,60,55,0,1,0,1,0,0
Swablu,45,40,60,40,75,50,0,0,0,0,1,0
Altaria,75,70,90,70,105,80,0,0,0,0,2,0
Zangoose,73,115,60,60,60,90,0,2,0,0,0,0
Seviper,73,100,60,100,60,65,0,1,0,1,0,0
Lunatone,70,55,65,95,85,70,0,0,0,2,0,0
Solrock,70,95,85,55,65,70,0,2,0,0,0,0
Barboach,50,48,43,46,41,60,1,0,0,0,0,0
Whiscash,110,78,73,76,71,60,2,0,0,0,0,0
Corphish,43,80,65,50,35,35,0,1,0,0,0,0
Crawdaunt,63,120,85,90,55,55,0,2,0,0,0,0
Baltoy,40,40,55,40,70,55,0,0,0,0,1,0
Claydol,60,70,105,70,120,75,0,0,0,0,2,0
Lileep,66,41,77,61,87,23,0,0,0,0,1,0
Cradily,86,81,97,81,107,43,0,0,0,0,2,0
Anorith,45,95,50,40,50,75,0,1,0,0,0,0
Armaldo,75,125,100,70,80,45,0,2,0,0,0,0
Feebas,20,15,20,10,55,80,0,0,0,0,0,1
Milotic,95,60,79,100,125,81,0,0,0,0,2,0
Castform,70,70,70,70,70,70,1,0,0,0,0,0
Kecleon,60,90,70,60,120,40,0,0,0,0,1,0
Shuppet,44,75,35,63,33,45,0,1,0,0,0,0
Banette,64,115,65,83,63,65,0,2,0,0,0,0
Duskull,20,40,90,30,90,25,0,0,0,0,1,0
Dusclops,40,70,130,60,130,25,0,0,1,0,1,0
Tropius,99,68,83,72,87,51,2,0,0,0,0,0
Chimecho,65,50,70,95,80,65,0,0,0,1,1,0
Absol,65,130,60,75,60,75,0,2,0,0,0,0
Wynaut,95,23,48,23,48,23,1,0,0,0,0,0
Snorunt,50,50,50,50,50,50,1,0,0,0,0,0
Glalie,80,80,80,80,80,80,2,0,0,0,0,0
Spheal,70,40,50,55,50,25,1,0,0,0,0,0
Sealeo,90,60,70,75,70,45,2,0,0,0,0,0
Walrein,110,80,90,95,90,65,3,0,0,0,0,0
Clamperl,35,64,85,74,55,32,0,0,1,0,0,0
Huntail,55,104,105,94,75,52,0,1,1,0,0,0
Gorebyss,55,84,105,114,75,52,0,0,0,2,0,0
Relicanth,100,90,130,45,65,55,1,0,1,0,0,0
Luvdisc,43,30,55,40,65,97,0,0,0,0,0,1
Bagon,45,75,60,40,30,50,0,1,0,0,0,0
Shelgon,65,95,100,60,50,50,0,0,2,0,0,0
Salamence,95,135,80,110,80,100,0,3,0,0,0,0
Beldum,40,55,80,35,60,30,0,0,1,0,0,0
Metang,60,75,100,55,80,50,0,0,2,0,0,0
Metagross,80,135,130,95,90,70,0,0,3,0,0,0
Regirock,80,100,200,50,100,50,0,0,3,0,0,0
Regice,80,50,100,100,200,50,0,0,0,0,3,0
Registeel,80,75,150,75,150,50,0,0,2,0,1,0
Latias,80,80,90,110,130,110,0,0,0,0,3,0
Latios,80,90,80,130,110,110,0,0,0,3,0,0
Kyogre,100,100,90,150,140,90,0,0,0,3,0,0
Groudon,100,150,140,100,90,90,0,3,0,0,0,0
Rayquaza,105,150,90,150,90,95,0,2,0,1,0,0
Jirachi,100,100,100,100,100,100,3,0,0,0,0,0
Deoxys (Normal),50,150,50,150,50,150,0,1,0,1,0,1
Deoxys (Attack),50,180,20,180,20,150,0,2,0,1,0,0
Deoxys (Defense),50,70,160,70,160,90,0,0,2,0,1,0
Deoxys (Speed),50,95,90,95,90,180,0,0,0,0,0,3
Turtwig,55,68,64,45,55,31,0,1,0,0,0,0
Grotle,75,89,85,55,65,36,0,1,1,0,0,0
Torterra,95,109,105,75,85,56,0,2,1,0,0,0
Chimchar,44,58,44,58,44,61,0,0,0,0,0,1
Monferno,64,78,52,78,52,81,0,0,0,1,0,1
Infernape,76,104,71,104,71,108,0,1,0,1,0,1
Piplup,53,51,53,61,56,40,0,0,0,1,0,0
Prinplup,64,66,68,81,76,50,0,0,0,2,0,0
Empoleon,84,86,88,111,101,60,0,0,0,3,0,0
Starly,40,55,30,30,30,60,0,0,0,0,0,1
Staravia,55,75,50,40,40,80,0,0,0,0,0,2
Staraptor,85,120,70,50,50,100,0,3,0,0,0,0
Bidoof,59,45,40,35,40,31,1,0,0,0,0,0
Bibarel,79,85,60,55,60,71,0,2,0,0,0,0
Kricketot,37,25,41,25,41,25,0,0,1,0,0,0
Kricketune,77,85,51,55,51,65,0,2,0,0,0,0
Shinx,45,65,34,40,34,45,0,1,0,0,0,0
Luxio,60,85,49,60,49,60,0,2,0,0,0,0
Luxray,80,120,79,95,79,70,0,3,0,0,0,0
Budew,40,30,35,50,70,55,0,0,0,1,0,0
Roserade,60,70,55,125,105,90,0,0,0,3,0,0
Cranidos,67,125,40,30,30,58,0,1,0,0,0,0
Rampardos,97,165,60,65,50,58,0,2,0,0,0,0
Shieldon,30,42,118,42,88,30,0,0,1,0,0,0
Bastiodon,60,52,168,47,138,30,0,0,2,0,0,0
Burmy,40,29,45,29,45,36,0,0,0,0,1,0
Wormadam (Plant),60,59,85,79,105,36,0,0,0,0,2,0
Wormadam (Sandy),60,79,105,59,85,36,0,0,2,0,0,0
Wormadam (Trash),60,69,95,69,95,36,0,0,1,0,1,0
Mothim,70,94,50,94,50,66,0,1,0,1,0,0
Combee,30,30,42,30,42,70,0,0,0,0,0,1
Vespiquen,70,80,102,80,102,40,0,0,1,0,1,0
Pachirisu,60,45,70,45,90,95,0,0,0,0,0,1
Buizel,55,65,35,60,30,85,0,0,0,0,0,1
Floatzel,85,105,55,85,50,115,0,0,0,0,0,2
Cherubi,45,35,45,62,53,35,0,0,0,1,0,0
Cherrim,70,60,70,87,78,85,0,0,0,2,0,0
Shellos,76,48,48,57,62,34,1,0,0,0,0,0
Gastrodon,111,83,68,92,82,39,2,0,0,0,0,0
Ambipom,75,100,66,60,66,115,0,0,0,0,0,2
Drifloon,90,50,34,60,44,70,1,0,0,0,0,0
Drifblim,150,80,44,90,54,80,2,0,0,0,0,0
Buneary,55,66,44,44,56,85,0,0,0,0,0,1
Lopunny,65,76,84,54,96,105,0,0,0,0,0,2
Mismagius,60,60,60,105,105,105,0,0,0,1,1,0
Honchkrow,100,125,52,105,52,71,0,2,0,0,0,0
Glameow,49,55,42,42,37,85,0,0,0,0,0,1
Purugly,71,82,64,64,59,112,0,0,0,0,0,2
Chingling,45,30,50,65,50,45,0,0,0,1,0,0
Stunky,63,63,47,41,41,74,0,0,0,0,0,1
Skuntank,103,93,67,71,61,84,2,0,0,0,0,0
Bronzor,57,24,86,24,86,23,0,0,1,0,0,0
Bronzong,67,89,116,79,116,33,0,0,1,0,1,0
Bonsly,50,80,95,10,45,10,0,0,1,0,0,0
Mime Jr.,20,25,45,70,90,60,0,0,0,0,1,0
Happiny,100,5,5,15,65,30,1,0,0,0,0,0
Chatot,76,65,45,92,42,91,0,1,0,0,0,0
Spiritomb,50,92,108,92,108,35,0,0,1,0,1,0
Gible,58,70,45,40,45,42,0,1,0,0,0,0
Gabite,68,90,65,50,55,82,0,2,0,0,0,0
Garchomp,108,130,95,80,85,102,0,3,0,0,0,0
Munchlax,135,85,40,40,85,5,1,0,0,0,0,0
Riolu,40,70,40,35,40,60,0,1,0,0,0,0
Lucario,70,110,70,115,70,90,0,1,0,1,0,0
Hippopotas,68,72,78,38,42,32,0,0,1,0,0,0
Hippowdon,108,112,118,68,72,47,0,0,2,0,0,0
Skorupi,40,50,90,30,55,65,0,0,1,0,0,0
Drapion,70,90,110,60,75,95,0,0,2,0,0,0
Croagunk,48,61,40,61,40,50,0,1,0,0,0,0
Toxicroak,83,106,65,86,65,85,0,2,0,0,0,0
Carnivine,74,100,72,90,72,46,0,2,0,0,0,0
Finneon,49,49,56,49,61,66,0,0,0,0,0,1
Lumineon,69,69,76,69,86,91,0,0,0,0,0,2
Mantyke,45,20,50,60,120,50,0,0,0,0,1,0
Snover,60,62,50,62,60,40,0,1,0,0,0,0
Abomasnow,90,92,75,92,85,60,0,1,0,1,0,0
Weavile,70,120,65,45,85,125,0,1,0,0,0,1
Magnezone,70,70,115,130,90,60,0,0,0,3,0,0
Lickilicky,110,85,95,80,95,50,3,0,0,0,0,0
Rhyperior,115,140,130,55,55,40,0,3,0,0,0,0
Tangrowth,100,100,125,110,50,50,0,0,2,0,0,0
Electivire,75,123,67,95,85,95,0,3,0,0,0,0
Magmortar,75,95,67,125,95,83,0,0,0,3,0,0
Togekiss,85,50,95,120,115,80,0,0,0,2,1,0
Yanmega,86,76,86,116,56,95,0,2,0,0,0,0
Leafeon,65,110,130,60,65,95,0,0,2,0,0,0
Glaceon,65,60,110,130,95,65,0,0,0,2,0,0
Gliscor,75,95,125,45,75,95,0,0,2,0,0,0
Mamoswine,110,130,80,70,60,80,0,3,0,0,0,0
Porygon-Z,85,80,70,135,75,90,0,0,0,3,0,0
Gallade,68,125,65,65,115,80,0,3,0,0,0,0
Probopass,60,55,145,75,150,40,0,0,1,0,2,0
Dusknoir,45,100,135,65,135,45,0,0,1,0,2,0
Froslass,70,80,70,80,70,110,0,0,0,0,0,2
Rotom (Normal),50,50,77,95,77,91,0,0,0,1,0,1
Rotom (Heat),50,65,107,105,107,86,0,0,0,1,0,1
Rotom (Wash),50,65,107,105,107,86,0,0,0,1,0,1
Rotom (Frost),50,65,107,105,107,86,0,0,0,1,0,1
Rotom (Fan),50,65,107,105,107,86,0,0,0,1,0,1
Rotom (Mow),50,65,107,105,107,86,0,0,0,1,0,1
Uxie,75,75,130,75,130,95,0,0,2,0,1,0
Mesprit,80,105,105,105,105,80,0,1,0,1,1,0
Azelf,75,125,70,125,70,115,0,2,0,1,0,0
Dialga,100,120,120,150,100,90,0,0,0,3,0,0
Palkia,90,120,100,150,120,100,0,0,0,3,0,0
Heatran,91,90,106,130,106,77,0,0,0,3,0,0
Regigigas,110,160,110,80,110,100,0,3,0,0,0,0
Giratina (Altered),150,100,120,100,120,90,3,0,0,0,0,0
Giratina (Origin),150,120,100,120,100,90,3,0,0,0,0,0
Cresselia,120,70,120,75,130,85,0,0,0,0,3,0
Phione,80,80,80,80,80,80,1,0,0,0,0,0
Manaphy,100,100,100,100,100,100,3,0,0,0,0,0
Darkrai,70,90,90,135,90,125,0,0,0,2,0,1
Shaymin (Land),100,100,100,100,100,100,3,0,0,0,0,0
Shaymin (Sky),100,103,75,120,75,127,0,0,0,0,0,3
Arceus,120,120,120,120,120,120,3,0,0,0,0,0
Victini,100,100,100,100,100,100,3,0,0,0,0,0
Snivy,45,45,55,45,55,63,0,0,0,0,0,1
Servine,60,60,75,60,75,83,0,0,0,0,0,2
Serperior,75,75,95,75,95,113,0,0,0,0,0,3
Tepig,65,63,45,45,45,45,1,0,0,0,0,0
Pignite,90,93,55,70,55,55,0,2,0,0,0,0
Emboar,110,123,65,100,65,65,0,3,0,0,0,0
Oshawott,55,55,45,63,45,45,0,0,0,1,0,0
Dewott,75,75,60,83,60,60,0,0,0,2,0,0
Samurott,95,100,85,108,70,70,0,0,0,3,0,0
Patrat,45,55,39,35,39,42,0,1,0,0,0,0
Watchog,60,85,69,60,69,77,0,2,0,0,0,0
Lillipup,45,60,45,25,45,55,0,1,0,0,0,0
Herdier,65,80,65,35,65,60,0,2,0,0,0,0
Stoutland,85,100,90,45,90,80,0,3,0,0,0,0
Purrloin,41,50,37,50,37,66,0,0,0,0,0,1
Liepard,64,88,50,88,50,106,0,0,0,0,0,2
Pansage,50,53,48,53,48,64,0,0,0,0,0,1
Simisage,75,98,63,98,63,101,0,0,0,0,0,2
Pansear,50,53,48,53,48,64,0,0,0,0,0,1
Simisear,75,98,63,98,63,101,0,0,0,0,0,2
Panpour,50,53,48,53,48,64,0,0,0,0,0,1
Simipour,75,98,63,98,63,101,0,0,0,0,0,2
Munna,76,25,45,67,55,24,1,0,0,0,0,0
Musharna,116,55,85,107,95,29,2,0,0,0,0,0
Pidove,50,55,50,36,30,43,0,1,0,0,0,0
Tranquill,62,77,62,50,42,65,0,2,0,0,0,0
Unfezant,80,105,80,65,55,93,0,3,0,0,0,0
Blitzle,45,60,32,50,32,76,0,0,0,0,0,1
Zebstrika,75,100,63,80,63,116,0,0,0,0,0,2
Roggenrola,55,75,85,25,25,15,0,0,1,0,0,0
Boldore,70,105,105,50,40,20,0,1,1,0,0,0
Gigalith,85,135,130,60,70,25,0,3,0,0,0,0
Woobat,55,45,43,55,43,72,0,0,0,0,0,1
Swoobat,67,57,55,77,55,114,0,0,0,0,0,2
Drilbur,60,85,40,30,45,68,0,1,0,0,0,0
Excadrill,110,135,60,50,65,88,0,2,0,0,0,0
Audino,103,60,86,60,86,50,2,0,0,0,0,0
Timburr,75,80,55,25,35,35,0,1,0,0,0,0
Gurdurr,85,105,85,40,50,40,0,2,0,0,0,0
Conkeldurr,105,140,95,55,65,45,0,3,0,0,0,0
Tympole,50,50,40,50,40,64,0,0,0,0,0,1
Palpitoad,75,65,55,65,55,69,2,0,0,0,0,0
Seismitoad,105,85,75,85,75,74,3,0,0,0,0,0
Throh,120,100,85,30,85,45,2,0,0,0,0,0
Sawk,75,125,75,30,75,85,0,2,0,0,0,0
Sewaddle,45,53,70,40,60,42,0,0,1,0,0,0
Swadloon,55,63,90,50,80,42,0,0,2,0,0,0
Leavanny,75,103,80,70,70,92,0,3,0,0,0,0
Venipede,30,45,59,30,39,57,0,0,1,0,0,0
Whirlipede,40,55,99,40,79,47,0,0,2,0,0,0
Scolipede,60,90,89,55,69,112,0,0,0,0,0,3
Cottonee,40,27,60,37,50,66,0,0,0,0,0,1
Whimsicott,60,67,85,77,75,116,0,0,0,0,0,2
Petilil,45,35,50,70,50,30,0,0,0,1,0,0
Lilligant,70,60,75,110,75,90,0,0,0,2,0,0
Basculin,70,92,65,80,55,98,0,0,0,0,0,2
Sandile,50,72,35,35,35,65,0,1,0,0,0,0
Krokorok,60,82,45,45,45,74,0,2,0,0,0,0
Krookodile,95,117,70,65,70,92,0,3,0,0,0,0
Darumaka,70,90,45,15,45,50,0,1,0,0,0,0
Darmanitan (Standard),105,140,55,30,55,95,0,2,0,0,0,0
Darmanitan (Zen),105,30,105,140,105,55,0,0,0,2,0,0
Maractus,75,86,67,106,67,60,0,0,0,2,0,0
Dwebble,50,65,85,35,35,55,0,0,1,0,0,0
Crustle,70,95,125,65,75,45,0,0,2,0,0,0
Scraggy,50,75,70,35,70,48,0,1,0,0,0,0
Scrafty,65,90,115,45,115,58,0,0,1,0,1,0
Sigilyph,72,58,80,103,80,97,0,0,0,2,0,0
Yamask,38,30,85,55,65,30,0,0,1,0,0,0
Cofagrigus,58,50,145,95,105,30,0,0,2,0,0,0
Tirtouga,54,78,103,53,45,22,0,0,1,0,0,0
Carracosta,74,108,133,83,65,32,0,0,2,0,0,0
Archen,55,112,45,74,45,70,0,1,0,0,0,0
Archeops,75,140,65,112,65,110,0,2,0,0,0,0
Trubbish,50,50,62,40,62,65,0,0,0,0,0,1
Garbodor,80,95,82,60,82,75,0,2,0,0,0,0
Zorua,40,65,40,80,40,65,0,0,0,1,0,0
Zoroark,60,105,60,120,60,105,0,0,0,2,0,0
Minccino,55,50,40,40,40,75,0,0,0,0,0,1
Cinccino,75,95,60,65,60,115,0,0,0,0,0,2
Gothita,45,30,50,55,65,45,0,0,0,0,1,0
Gothorita,60,45,70,75,85,55,0,0,0,0,2,0
Gothitelle,70,55,95,95,110,65,0,0,0,0,3,0
Solosis,45,30,40,105,50,20,0,0,0,1,0,0
Duosion,65,40,50,125,60,30,0,0,0,2,0,0
Reuniclus,110,65,75,125,85,30,0,0,0,3,0,0
Ducklett,62,44,50,44,50,55,1,0,0,0,0,0
Swanna,75,87,63,87,63,98,0,0,0,0,0,2
Vanillite,36,50,50,65,60,44,0,0,0,1,0,0
Vanillish,51,65,65,80,75,59,0,0,0,2,0,0
Vanilluxe,71,95,85,110,95,79,0,0,0,3,0,0
Deerling,60,60,50,40,50,75,0,0,0,0,0,1
Sawsbuck,80,100,70,60,70,95,0,2,0,0,0,0
Emolga,55,75,60,75,60,103,0,0,0,0,0,2
Karrablast,50,75,45,40,45,60,0,1,0,0,0,0
Escavalier,70,135,105,60,105,20,0,2,0,0,0,0
Foongus,69,55,45,55,55,15,1,0,0,0,0,0
Amoonguss,114,85,70,85,80,30,2,0,0,0,0,0
Frillish,55,40,50,65,85,40,0,0,0,0,1,0
Jellicent,100,60,70,85,105,60,0,0,0,0,2,0
Alomomola,165,75,80,40,45,65,2,0,0,0,0,0
Joltik,50,47,50,57,50,65,0,0,0,0,0,1
Galvantula,70,77,60,97,60,108,0,0,0,0,0,2
Ferroseed,44,50,91,24,86,10,0,0,1,0,0,0
Ferrothorn,74,94,131,54,116,20,0,0,2,0,0,0
Klink,40,55,70,45,60,30,0,0,1,0,0,0
Klang,60,80,95,70,85,50,0,0,2,0,0,0
Klinklang,60,100,115,70,85,90,0,0,3,0,0,0
Tynamo,35,55,40,45,40,60,0,0,0,0,0,1
Eelektrik,65,85,70,75,70,40,0,2,0,0,0,0
Eelektross,85,115,80,105,80,50,0,3,0,0,0,0
Elgyem,55,55,55,85,55,30,0,0,0,1,0,0
Beheeyem,75,75,75,125,95,40,0,0,0,2,0,0
Litwick,50,30,55,65,55,20,0,0,0,1,0,0
Lampent,60,40,60,95,60,55,0,0,0,2,0,0
Chandelure,60,55,90,145,90,80,0,0,0,3,0,0
Axew,46,87,60,30,40,57,0,1,0,0,0,0
Fraxure,66,117,70,40,50,67,0,2,0,0,0,0
Haxorus,76,147,90,60,70,97,0,3,0,0,0,0
Cubchoo,55,70,40,60,40,40,0,1,0,0,0,0
Beartic,95,110,80,70,80,50,0,2,0,0,0,0
Cryogonal,70,50,30,95,135,105,0,0,0,0,2,0
Shelmet,50,40,85,40,65,25,0,0,1,0,0,0
Accelgor,80,70,40,100,60,145,0,0,0,0,0,2
Stunfisk,109,66,84,81,99,32,2,0,0,0,0,0
Mienfoo,45,85,50,55,50,65,0,1,0,0,0,0
Mienshao,65,125,60,95,60,105,0,2,0,0,0,0
Druddigon,77,120,90,60,90,48,0,2,0,0,0,0
Golett,59,74,50,35,50,35,0,1,0,0,0,0
Golurk,89,124,80,55,80,55,0,2,0,0,0,0
Pawniard,45,85,70,40,40,60,0,1,0,0,0,0
Bisharp,65,125,100,60,70,70,0,2,0,0,0,0
Bouffalant,95,110,95,40,95,55,0,2,0,0,0,0
Rufflet,70,83,50,37,50,60,0,1,0,0,0,0
Braviary,100,123,75,57,75,80,0,2,0,0,0,0
Vullaby,70,55,75,45,65,60,0,0,1,0,0,0
Mandibuzz,110,65,105,55,95,80,0,0,0,2,0,0
Heatmor,85,97,66,105,66,65,0,0,0,2,0,0
Durant,58,109,112,48,48,109,0,0,2,0,0,0
Deino,52,65,50,45,50,38,0,1,0,0,0,0
Zweilous,72,85,70,65,70,58,0,2,0,0,0,0
Hydreigon,92,105,90,125,90,98,0,0,0,3,0,0
Larvesta,55,85,55,50,55,60,0,1,0,0,0,0
Volcarona,85,60,65,135,105,100,0,0,0,3,0,0
Cobalion,91,90,129,90,72,108,0,0,3,0,0,0
Terrakion,91,129,90,72,90,108,0,3,0,0,0,0
Virizion,91,90,72,90,129,108,0,0,0,0,3,0
Tornadus (Incarnate),79,115,70,125,80,111,0,3,0,0,0,0
Tornadus (Therian),79,100,80,110,90,121,0,0,0,0,0,3
Thundurus (Incarnate),79,115,70,125,80,111,0,3,0,0,0,0
Thundurus (Therian),79,105,70,145,80,101,0,0,0,3,0,0
Reshiram,100,120,100,150,120,90,0,0,0,3,0,0
Zekrom,100,150,120,120,100,90,0,3,0,0,0,0
Landorus (Incarnate),89,125,90,115,80,101,0,0,0,3,0,0
Landorus (Therian),89,145,90,105,80,91,0,3,0,0,0,0
Kyurem,125,130,90,130,90,95,1,1,0,1,0,0
Kyurem (Black),125,170,100,120,90,95,0,3,0,0,0,0
Kyurem (White),125,120,90,170,100,95,0,0,0,3,0,0
Keldeo,91,72,90,129,90,108,0,0,0,3,0,0
Meloetta (Aria),100,77,77,128,128,90,0,0,0,1,1,1
Meloetta (Pirouette),100,128,90,77,77,128,0,1,1,0,0,1
Genesect,71,120,95,120,95,99,0,1,0,1,0,1
