Bulbasaur,45,49,49,65,65,45,0,0,0,1,0,0,1,None
Ivysaur,60,62,63,80,80,60,0,0,0,1,1,0,2,Bulbasaur
Venusaur,80,82,83,100,100,80,0,0,0,2,1,0,3,Ivysaur
Charmander,39,52,43,60,50,65,0,0,0,0,0,1,1,None
Charmeleon,58,64,58,80,65,80,0,0,0,1,0,1,2,Charmander
Charizard,78,84,78,109,85,100,0,0,0,3,0,0,3,Charmeleon
Squirtle,44,48,65,50,64,43,0,0,1,0,0,0,1,None
Wartortle,59,63,80,65,80,58,0,0,1,0,1,0,2,Squirtle
Blastoise,79,83,100,85,105,78,0,0,0,0,3,0,3,Wartortle
Caterpie,45,30,35,20,20,45,1,0,0,0,0,0,1,None
Metapod,50,20,55,25,25,30,0,0,2,0,0,0,2,Caterpie
Butterfree,60,45,50,90,80,70,0,0,0,2,1,0,3,Metapod
Weedle,40,35,30,20,20,50,0,0,0,0,0,1,1,None
Kakuna,45,25,50,25,25,35,0,0,2,0,0,0,2,Weedle
Beedrill,65,90,40,45,80,75,0,2,0,0,1,0,3,Kakuna
Pidgey,40,45,40,35,35,56,0,0,0,0,0,1,1,None
Pidgeotto,63,60,55,50,50,71,0,0,0,0,0,2,2,Pidgey
Pidgeot,83,80,75,70,70,91,0,0,0,0,0,3,3,Pidgeotto
Rattata,30,56,35,25,35,72,0,0,0,0,0,1,1,None
Raticate,55,81,60,50,70,97,0,0,0,0,0,2,2,Rattata
Spearow,40,60,30,31,31,70,0,0,0,0,0,1,1,None
Fearow,65,90,65,61,61,100,0,0,0,0,0,2,2,Spearow
Ekans,35,60,44,40,54,55,0,1,0,0,0,0,1,None
Arbok,60,85,69,65,79,80,0,2,0,0,0,0,2,Ekans
Pikachu,35,55,40,50,50,90,0,0,0,0,0,2,2,Pichu
Raichu,60,90,55,90,80,110,0,0,0,0,0,3,3,Pikachu
Sandshrew,50,75,85,20,30,40,0,0,1,0,0,0,1,None
Sandslash,75,100,110,45,55,65,0,0,2,0,0,0,2,Sandshrew
Nidoran Female,55,47,52,40,40,41,1,0,0,0,0,0,1,None
Nidorina,70,62,67,55,55,56,2,0,0,0,0,0,2,Nidoran Female
Nidoqueen,90,92,87,75,85,76,3,0,0,0,0,0,3,Nidorina
Nidoran Male,46,57,40,40,40,50,0,1,0,0,0,0,1,None
Nidorino,61,72,57,55,55,65,0,2,0,0,0,0,2,Nidoran Male
Nidoking,81,102,77,85,75,85,0,3,0,0,0,0,3,Nidorino
Clefairy,70,45,48,60,65,35,2,0,0,0,0,0,2,Cleffa
Clefable,95,70,73,95,90,60,3,0,0,0,0,0,3,Clefairy
Vulpix,38,41,40,50,65,65,0,0,0,0,0,1,1,None
Ninetales,73,76,75,81,100,100,0,0,0,0,1,1,2,Vulpix
Jigglypuff,115,45,20,45,25,20,2,0,0,0,0,0,2,Igglybuff
Wigglytuff,140,70,45,85,50,45,3,0,0,0,0,0,3,Jigglypuff
Zubat,40,45,35,30,40,55,0,0,0,0,0,1,1,None
Golbat,75,80,70,65,75,90,0,0,0,0,0,2,2,Zubat
Oddish,45,50,55,75,65,30,0,0,0,1,0,0,1,None
Gloom,60,65,70,85,75,40,0,0,0,2,0,0,2,Oddish
Vileplume,75,80,85,110,90,50,0,0,0,3,0,0,3,Gloom
Paras,35,70,55,45,55,25,0,1,0,0,0,0,1,None
Parasect,60,95,80,60,80,30,0,2,1,0,0,0,2,Paras
Venonat,60,55,50,40,55,45,0,0,0,0,1,0,1,None
Venomoth,70,65,60,90,75,90,0,0,0,1,0,1,2,Venonat
Diglett,10,55,25,35,45,95,0,0,0,0,0,1,1,None
Dugtrio,35,80,50,50,70,120,0,0,0,0,0,2,2,Diglett
Meowth,40,45,35,40,40,90,0,0,0,0,0,1,1,None
Persian,65,70,60,65,65,115,0,0,0,0,0,2,2,Meowth
Psyduck,50,52,48,65,50,55,0,0,0,1,0,0,1,None
Golduck,80,82,78,95,80,85,0,0,0,2,0,0,2,Psyduck
Mankey,40,80,35,35,45,70,0,1,0,0,0,0,1,None
Primeape,65,105,60,60,70,95,0,2,0,0,0,0,2,Mankey
Growlithe,55,70,45,70,50,60,0,1,0,0,0,0,1,None
Arcanine,90,110,80,100,80,95,0,2,0,0,0,0,2,Growlithe
Poliwag,40,50,40,40,40,90,0,0,0,0,0,1,1,None
Poliwhirl,65,65,65,50,50,90,0,0,0,0,0,2,2,Poliwag
Poliwrath,90,95,95,70,90,70,0,0,3,0,0,0,3,Poliwhirl
Abra,25,20,15,105,55,90,0,0,0,1,0,0,1,None
Kadabra,40,35,30,120,70,105,0,0,0,2,0,0,2,Abra
Alakazam,55,50,45,135,95,120,0,0,0,3,0,0,3,Kadabra
Machop,70,80,50,35,35,35,0,1,0,0,0,0,1,None
Machoke,80,100,70,50,60,45,0,2,0,0,0,0,2,Machop
Machamp,90,130,80,65,85,55,0,3,0,0,0,0,3,Machoke
Bellsprout,50,75,35,70,30,40,0,1,0,0,0,0,1,None
Weepinbell,65,90,50,85,45,55,0,2,0,0,0,0,2,Bellsprout
Victreebel,80,105,65,100,70,70,0,3,0,0,0,0,3,Weepinbell
Tentacool,40,40,35,50,100,70,0,0,0,0,1,0,1,None
Tentacruel,80,70,65,80,120,100,0,0,0,0,2,0,2,Tentacool
Geodude,40,80,100,30,30,20,0,0,1,0,0,0,1,None
Graveler,55,95,115,45,45,35,0,0,2,0,0,0,2,Geodude
Golem,80,120,130,55,65,45,0,0,3,0,0,0,3,Graveler
Ponyta,50,85,55,65,65,90,0,0,0,0,0,1,1,None
Rapidash,65,100,70,80,80,105,0,0,0,0,0,2,2,Ponyta
Slowpoke,90,65,65,40,40,15,1,0,0,0,0,0,1,None
Slowbro,95,75,110,100,80,30,0,0,2,0,0,0,2,Slowpoke
Magnemite,25,35,70,95,55,45,0,0,0,1,0,0,1,None
Magneton,50,60,95,120,70,70,0,0,0,2,0,0,2,Magnemite
Farfetch'd,52,65,55,58,62,60,0,1,0,0,0,0,0,None
Doduo,35,85,45,35,35,75,0,1,0,0,0,0,1,None
Dodrio,60,110,70,60,60,100,0,2,0,0,0,0,2,Doduo
Seel,65,45,55,45,70,45,0,0,0,0,1,0,1,None
Dewgong,90,70,80,70,95,70,0,0,0,0,2,0,2,Seel
Grimer,80,80,50,40,50,25,1,0,0,0,0,0,1,None
Muk,105,105,75,65,100,50,1,1,0,0,0,0,2,Grimer
Shellder,30,65,100,45,25,40,0,0,1,0,0,0,1,None
Cloyster,50,95,180,85,45,70,0,0,2,0,0,0,2,Shellder
Gastly,30,35,30,100,35,80,0,0,0,1,0,0,1,None
Haunter,45,50,45,115,55,95,0,0,0,2,0,0,2,Gastly
Gengar,60,65,60,130,75,110,0,0,0,3,0,0,3,Haunter
Onix,35,45,160,30,45,70,0,0,1,0,0,0,1,None
Drowzee,60,48,45,43,90,42,0,0,0,0,1,0,1,None
Hypno,85,73,70,73,115,67,0,0,0,0,2,0,2,Drowzee
Krabby,30,105,90,25,25,50,0,1,0,0,0,0,1,None
Kingler,55,130,115,50,50,75,0,2,0,0,0,0,2,Krabby
Voltorb,40,30,50,55,55,100,0,0,0,0,0,1,1,None
Electrode,60,50,70,80,80,140,0,0,0,0,0,2,2,Voltorb
Exeggcute,60,40,80,60,45,40,0,0,1,0,0,0,1,None
Exeggutor,95,95,85,125,65,55,0,0,0,2,0,0,2,Exeggcute
Cubone,50,50,95,40,50,35,0,0,1,0,0,0,1,None
Marowak,60,80,110,50,80,45,0,0,2,0,0,0,2,Cubone
Hitmonlee,50,120,53,35,110,87,0,2,0,0,0,0,2,Tyrogue
Hitmonchan,50,105,79,35,110,76,0,0,0,0,2,0,2,Tyrogue
Lickitung,90,55,75,60,75,30,2,0,0,0,0,0,1,None
Koffing,40,65,95,60,45,35,0,0,1,0,0,0,1,None
Weezing,65,90,120,85,70,60,0,0,2,0,0,0,2,Koffing
Rhyhorn,80,85,95,30,30,25,0,0,1,0,0,0,1,None
Rhydon,105,130,120,45,45,40,0,2,0,0,0,0,2,Rhyhorn
Chansey,250,5,5,35,105,50,2,0,0,0,0,0,2,Happiny
Tangela,65,55,115,100,40,60,0,0,1,0,0,0,1,None
Kangaskhan,105,95,80,40,80,90,2,0,0,0,0,0,0,None
Horsea,30,40,70,70,25,60,0,0,0,1,0,0,1,None
Seadra,55,65,95,95,45,85,0,0,1,1,0,0,2,Horsea
Goldeen,45,67,60,35,50,63,0,1,0,0,0,0,1,None
Seaking,80,92,65,65,80,68,0,2,0,0,0,0,2,Goldeen
Staryu,30,45,55,70,55,85,0,0,0,0,0,1,1,None
Starmie,60,75,85,100,85,115,0,0,0,0,0,2,2,Staryu
Mr. Mime,40,45,65,100,120,90,0,0,0,0,2,0,2,Mime Jr.
Scyther,70,110,80,55,80,105,0,1,0,0,0,0,1,None
Jynx,65,50,35,115,95,95,0,0,0,2,0,0,2,Smoochum
Electabuzz,65,83,57,95,85,105,0,0,0,0,0,2,2,Elekid
Magmar,65,95,57,100,85,93,0,0,0,2,0,0,2,Magby
Pinsir,65,125,100,55,70,85,0,2,0,0,0,0,0,None
Tauros,75,100,95,40,70,110,0,1,0,0,0,1,0,None
Magikarp,20,10,55,15,20,80,0,0,0,0,0,1,1,None
Gyarados,95,125,79,60,100,81,0,2,0,0,0,0,2,Magikarp
Lapras,130,85,80,85,95,60,2,0,0,0,0,0,0,None
Ditto,48,48,48,48,48,48,1,0,0,0,0,0,0,None
Eevee,55,55,50,45,65,55,0,0,0,0,1,0,1,None
Vaporeon,130,65,60,110,95,65,2,0,0,0,0,0,2,Eevee
Jolteon,65,65,60,110,95,130,0,0,0,0,0,2,2,Eevee
Flareon,65,130,60,95,110,65,0,2,0,0,0,0,2,Eevee
Porygon,65,60,70,85,75,40,0,0,0,1,0,0,1,None
Omanyte,35,40,100,90,55,35,0,0,1,0,0,0,1,None
Omastar,70,60,125,115,70,55,0,0,2,0,0,0,2,Omanyte
Kabuto,30,80,90,55,45,55,0,0,1,0,0,0,1,None
Kabutops,60,115,105,65,70,80,0,2,0,0,0,0,2,Kabuto
Aerodactyl,80,105,65,60,75,130,0,0,0,0,0,2,0,None
Snorlax,160,110,65,65,110,30,2,0,0,0,0,0,2,Munchlax
Articuno,90,85,100,95,125,85,0,0,0,0,3,0,0,None
Zapdos,90,90,85,125,90,100,0,0,0,3,0,0,0,None
Moltres,90,100,90,125,85,90,0,0,0,3,0,0,0,None
Dratini,41,64,45,50,50,50,0,1,0,0,0,0,1,None
Dragonair,61,84,65,70,70,70,0,2,0,0,0,0,2,Dratini
Dragonite,91,134,95,100,100,80,0,3,0,0,0,0,3,Dragonair
Mewtwo,106,110,90,154,90,130,0,0,0,3,0,0,0,None
Mew,100,100,100,100,100,100,3,0,0,0,0,0,0,None
Chikorita,45,49,65,49,65,45,0,0,0,0,1,0,1,None
Bayleef,60,62,80,63,80,60,0,0,1,0,1,0,2,Chikorita
Meganium,80,82,100,83,100,80,0,0,1,0,2,0,3,Bayleef
Cyndaquil,39,52,43,60,50,65,0,0,0,0,0,1,1,None
Quilava,58,64,58,80,65,80,0,0,0,1,0,1,2,Cyndaquil
Typhlosion,78,84,78,109,85,100,0,0,0,3,0,0,3,Quilava
Totodile,50,65,64,44,48,43,0,1,0,0,0,0,1,None
Croconaw,65,80,80,59,63,58,0,1,1,0,0,0,2,Totodile
Feraligatr,85,105,100,79,83,78,0,2,1,0,0,0,3,Croconaw
Sentret,35,46,34,35,45,20,0,1,0,0,0,0,1,None
Furret,85,76,64,45,55,90,0,0,0,0,0,2,2,Sentret
Hoothoot,60,30,30,36,56,50,1,0,0,0,0,0,1,None
Noctowl,100,50,50,76,96,70,2,0,0,0,0,0,2,Hoothoot
Ledyba,40,20,30,40,80,55,0,0,0,0,1,0,1,None
Ledian,55,35,50,55,110,85,0,0,0,0,2,0,2,Ledyba
Spinarak,40,60,40,40,40,30,0,1,0,0,0,0,1,None
Ariados,70,90,70,60,60,40,0,2,0,0,0,0,2,Spinarak
Crobat,85,90,80,70,80,130,0,0,0,0,0,3,3,Golbat
Chinchou,75,38,38,56,56,67,1,0,0,0,0,0,1,None
Lanturn,125,58,58,76,76,67,2,0,0,0,0,0,2,Chinchou
Pichu,20,40,15,35,35,60,0,0,0,0,0,1,1,None
Cleffa,50,25,28,45,55,15,0,0,0,0,1,0,1,None
Igglybuff,90,30,15,40,20,15,1,0,0,0,0,0,1,None
Togepi,35,20,65,40,65,20,0,0,0,0,1,0,1,None
Togetic,55,40,85,80,105,40,0,0,0,0,2,0,2,Togepi
Natu,40,50,45,70,45,70,0,0,0,1,0,0,1,None
Xatu,65,75,70,95,70,95,0,0,0,1,0,1,2,Natu
Mareep,55,40,40,65,45,35,0,0,0,1,0,0,1,None
Flaaffy,70,55,55,80,60,45,0,0,0,2,0,0,2,Mareep
Ampharos,90,75,85,115,90,55,0,0,0,3,0,0,3,Flaaffy
Bellossom,75,80,95,90,100,50,0,0,0,0,3,0,3,Gloom
Marill,70,20,50,20,50,40,2,0,0,0,0,0,2,Azurill
Azumarill,100,50,80,60,80,50,3,0,0,0,0,0,3,Marill
Sudowoodo,70,100,115,30,65,30,0,0,2,0,0,0,2,Bonsly
Politoed,90,75,75,90,100,70,0,0,0,0,3,0,3,Poliwhirl
Hoppip,35,35,40,35,55,50,0,0,0,0,1,0,1,None
Skiploom,55,45,50,45,65,80,0,0,0,0,0,2,2,Hoppip
Jumpluff,75,55,70,55,95,110,0,0,0,0,0,3,3,Skiploom
Aipom,55,70,55,40,55,85,0,0,0,0,0,1,1,None
Sunkern,30,30,30,30,30,30,0,0,0,1,0,0,1,None
Sunflora,75,75,55,105,85,30,0,0,0,2,0,0,2,Sunkern
Yanma,65,65,45,75,45,95,0,0,0,0,0,1,1,None
Wooper,55,45,45,25,25,15,1,0,0,0,0,0,1,None
Quagsire,95,85,85,65,65,35,2,0,0,0,0,0,2,Wooper
Espeon,65,65,60,130,95,110,0,0,0,2,0,0,2,Eevee
Umbreon,95,65,110,60,130,65,0,0,0,0,2,0,2,Eevee
Murkrow,60,85,42,85,42,91,0,0,0,0,0,1,1,None
Slowking,95,75,80,100,110,30,0,0,0,0,3,0,2,Slowpoke
Misdreavus,60,60,60,85,85,85,0,0,0,0,1,0,1,None
Unown,48,72,48,72,48,48,0,1,0,1,0,0,0,None
Wobbuffet,190,33,58,33,58,33,2,0,0,0,0,0,2,Wynaut
Girafarig,70,80,65,90,65,85,0,0,0,2,0,0,0,None
Pineco,50,65,90,35,35,15,0,0,1,0,0,0,1,None
Forretress,75,90,140,60,60,40,0,0,2,0,0,0,2,Pineco
Dunsparce,100,70,70,65,65,45,1,0,0,0,0,0,0,None
Gligar,65,75,105,35,65,85,0,0,1,0,0,0,1,None
Steelix,75,85,200,55,65,30,0,0,2,0,0,0,2,Onix
Snubbull,60,80,50,40,40,30,0,1,0,0,0,0,1,None
Granbull,90,120,75,60,60,45,0,2,0,0,0,0,2,Snubbull
Qwilfish,65,95,75,55,55,85,0,1,0,0,0,0,0,None
Scizor,70,130,100,55,80,65,0,2,0,0,0,0,2,Scyther
Shuckle,20,10,230,10,230,5,0,0,1,0,1,0,0,None
Heracross,80,125,75,40,95,85,0,2,0,0,0,0,0,None
Sneasel,55,95,55,35,75,115,0,0,0,0,0,1,1,None
Teddiursa,60,80,50,50,50,40,0,1,0,0,0,0,1,None
Ursaring,90,130,75,75,75,55,0,2,0,0,0,0,2,Teddiursa
Slugma,40,40,40,70,40,20,0,0,0,1,0,0,1,None
Magcargo,50,50,120,80,80,30,0,0,2,0,0,0,2,Slugma
Swinub,50,50,40,30,30,50,0,1,0,0,0,0,1,None
Piloswine,100,100,80,60,60,50,1,1,0,0,0,0,2,Swinub
Corsola,55,55,85,65,85,35,0,0,1,0,1,0,0,None
Remoraid,35,65,35,65,35,65,0,0,0,1,0,0,1,None
Octillery,75,105,75,105,75,45,0,1,0,1,0,0,2,Remoraid
Delibird,45,55,45,65,45,75,0,0,0,0,0,1,0,None
Mantine,65,40,70,80,140,70,0,0,0,0,2,0,2,Mantyke
Skarmory,65,80,140,40,70,70,0,0,2,0,0,0,0,None
Houndour,45,60,30,80,50,65,0,0,0,1,0,0,1,None
Houndoom,75,90,50,110,80,95,0,0,0,2,0,0,2,Houndour
Kingdra,75,95,95,95,95,85,0,1,0,1,1,0,3,Seadra
Phanpy,90,60,60,40,40,40,1,0,0,0,0,0,1,None
Donphan,90,120,120,60,60,50,0,1,1,0,0,0,2,Phanpy
Porygon2,85,80,90,105,95,60,0,0,0,2,0,0,2,Porygon
Stantler,73,95,62,85,65,85,0,1,0,0,0,0,0,None
Smeargle,55,20,35,20,45,75,0,0,0,0,0,1,0,None
Tyrogue,35,35,35,35,35,35,0,1,0,0,0,0,1,None
Hitmontop,50,95,95,35,110,70,0,0,0,0,2,0,2,Tyrogue
Smoochum,45,30,15,85,65,65,0,0,0,1,0,0,1,None
Elekid,45,63,37,65,55,95,0,0,0,0,0,1,1,None
Magby,45,75,37,70,55,83,0,0,0,0,0,1,1,None
Miltank,95,80,105,40,70,100,0,0,2,0,0,0,0,None
Blissey,255,10,10,75,135,55,3,0,0,0,0,0,3,Chansey
Raikou,90,85,75,115,100,115,0,0,0,1,0,2,0,None
Entei,115,115,85,90,75,100,1,2,0,0,0,0,0,None
Suicune,100,75,115,90,115,85,0,0,1,0,2,0,0,None
Larvitar,50,64,50,45,50,41,0,1,0,0,0,0,1,None
Pupitar,70,84,70,65,70,51,0,2,0,0,0,0,2,Larvitar
Tyranitar,100,134,110,95,100,61,0,3,0,0,0,0,3,Pupitar
Lugia,106,90,130,90,154,110,0,0,0,0,3,0,0,None
Ho-Oh,106,130,90,110,154,90,0,0,0,0,3,0,0,None
Celebi,100,100,100,100,100,100,3,0,0,0,0,0,0,None
Treecko,40,45,35,65,55,70,0,0,0,0,0,1,1,None
Grovyle,50,65,45,85,65,95,0,0,0,0,0,2,2,Treecko
Sceptile,70,85,65,105,85,120,0,0,0,0,0,3,3,Grovyle
Torchic,45,60,40,70,50,45,0,0,0,1,0,0,1,None
Combusken,60,85,60,85,60,55,0,1,0,1,0,0,2,Torchic
Blaziken,80,120,70,110,70,80,0,3,0,0,0,0,3,Combusken
Mudkip,50,70,50,50,50,40,0,1,0,0,0,0,1,None
Marshtomp,70,85,70,60,70,50,0,2,0,0,0,0,2,Mudkip
Swampert,100,110,90,85,90,60,0,3,0,0,0,0,3,Marshtomp
Poochyena,35,55,35,30,30,35,0,1,0,0,0,0,1,None
Mightyena,70,90,70,60,60,70,0,2,0,0,0,0,2,Poochyena
Zigzagoon,38,30,41,30,41,60,0,0,0,0,0,1,1,None
Linoone,78,70,61,50,61,100,0,0,0,0,0,2,2,Zigzagoon
Wurmple,45,45,35,20,30,20,1,0,0,0,0,0,1,None
Silcoon,50,35,55,25,25,15,0,0,2,0,0,0,2,Wurmple
Beautifly,60,70,50,100,50,65,0,0,0,3,0,0,3,Silcoon
Cascoon,50,35,55,25,25,15,0,0,2,0,0,0,2,Wurmple
Dustox,60,50,70,50,90,65,0,0,0,0,3,0,3,Cascoon
Lotad,40,30,30,40,50,30,0,0,0,0,1,0,1,None
Lombre,60,50,50,60,70,50,0,0,0,0,2,0,2,Lotad
Ludicolo,80,70,70,90,100,70,0,0,0,0,3,0,3,Lombre
Seedot,40,40,50,30,30,30,0,0,1,0,0,0,1,None
Nuzleaf,70,70,40,60,40,60,0,2,0,0,0,0,2,Seedot
Shiftry,90,100,60,90,60,80,0,3,0,0,0,0,3,Nuzleaf
Taillow,40,55,30,30,30,85,0,0,0,0,0,1,1,None
Swellow,60,85,60,50,50,125,0,0,0,0,0,2,2,Taillow
Wingull,40,30,30,55,30,85,0,0,0,0,0,1,1,None
Pelipper,60,50,100,85,70,65,0,0,2,0,0,0,2,Wingull
Ralts,28,25,25,45,35,40,0,0,0,1,0,0,1,None
Kirlia,38,35,35,65,55,50,0,0,0,2,0,0,2,Ralts
Gardevoir,68,65,65,125,115,80,0,0,0,3,0,0,3,Kirlia
Surskit,40,30,32,50,52,65,0,0,0,0,0,1,1,None
Masquerain,70,60,62,80,82,60,0,0,0,1,1,0,2,Surskit
Shroomish,60,40,60,40,60,35,1,0,0,0,0,0,1,None
Breloom,60,130,80,60,60,70,0,2,0,0,0,0,2,Shroomish
Slakoth,60,60,60,35,35,30,1,0,0,0,0,0,1,None
Vigoroth,80,80,80,55,55,90,0,0,0,0,0,2,2,Slakoth
Slaking,150,160,100,95,65,100,3,0,0,0,0,0,3,Vigoroth
Nincada,31,45,90,30,30,40,0,0,1,0,0,0,1,None
Ninjask,61,90,45,50,50,160,0,0,0,0,0,2,2,Nincada
Shedinja,1,90,45,30,30,40,2,0,0,0,0,0,2,Nincada
Whismur,64,51,23,51,23,28,1,0,0,0,0,0,1,None
Loudred,84,71,43,71,43,48,2,0,0,0,0,0,2,Whismur
Exploud,104,91,63,91,73,68,3,0,0,0,0,0,3,Loudred
Makuhita,72,60,30,20,30,25,1,0,0,0,0,0,1,None
Hariyama,144,120,60,40,60,50,2,0,0,0,0,0,2,Makuhita
Azurill,50,20,40,20,40,20,1,0,0,0,0,0,1,None
Nosepass,30,45,135,45,90,30,0,0,1,0,0,0,1,None
Skitty,50,45,45,35,35,50,0,0,0,0,0,1,1,None
Delcatty,70,65,65,55,55,70,1,0,0,0,0,1,2,Skitty
Sableye,50,75,75,65,65,50,0,1,1,0,0,0,0,None
Mawile,50,85,85,55,55,50,0,1,1,0,0,0,0,None
Aron,50,70,100,40,40,30,0,0,1,0,0,0,1,None
Lairon,60,90,140,50,50,40,0,0,2,0,0,0,2,Aron
Aggron,70,110,180,60,60,50,0,0,3,0,0,0,3,Lairon
Meditite,30,40,55,40,55,60,0,0,0,0,0,1,1,None
Medicham,60,60,75,60,75,80,0,0,0,0,0,2,2,Meditite
Electrike,40,45,40,65,40,65,0,0,0,0,0,1,1,None
Manectric,70,75,60,105,60,105,0,0,0,0,0,2,2,Electrike
Plusle,60,50,40,85,75,95,0,0,0,0,0,1,0,None
Minun,60,40,50,75,85,95,0,0,0,0,0,1,0,None
Volbeat,65,73,55,47,75,85,0,0,0,0,0,1,0,None
Illumise,65,47,55,73,75,85,0,0,0,0,0,1,0,None
Roselia,50,60,45,100,80,65,0,0,0,2,0,0,2,Budew
Gulpin,70,43,53,43,53,40,1,0,0,0,0,0,1,None
Swalot,100,73,83,73,83,55,2,0,0,0,0,0,2,Gulpin
Carvanha,45,90,20,65,20,65,0,1,0,0,0,0,1,None
Sharpedo,70,120,40,95,40,95,0,2,0,0,0,0,2,Carvanha
Wailmer,130,70,35,70,35,60,1,0,0,0,0,0,1,None
Wailord,170,90,45,90,45,60,2,0,0,0,0,0,2,Wailmer
Numel,60,60,40,65,45,35,0,0,0,1,0,0,1,None
Camerupt,70,100,70,105,75,40,0,1,0,1,0,0,2,Numel
Torkoal,70,85,140,85,70,20,0,0,2,0,0,0,0,None
Spoink,60,25,35,70,80,60,0,0,0,0,1,0,1,None
Grumpig,80,45,65,90,110,80,0,0,0,0,2,0,2,Spoink
Spinda,60,60,60,60,60,60,0,0,0,1,0,0,0,None
Trapinch,45,100,45,45,45,10,0,1,0,0,0,0,1,None
Vibrava,50,70,50,50,50,70,0,1,0,0,0,1,2,Trapinch
Flygon,80,100,80,80,80,100,0,1,0,0,0,2,3,Vibrava
Cacnea,50,85,40,85,40,35,0,0,0,1,0,0,1,None
Cacturne,70,115,60,115,60,55,0,1,0,1,0,0,2,Cacnea
Swablu,45,40,60,40,75,50,0,0,0,0,1,0,1,None
Altaria,75,70,90,70,105,80,0,0,0,0,2,0,2,Swablu
Zangoose,73,115,60,60,60,90,0,2,0,0,0,0,0,None
Seviper,73,100,60,100,60,65,0,1,0,1,0,0,0,None
Lunatone,70,55,65,95,85,70,0,0,0,2,0,0,0,None
Solrock,70,95,85,55,65,70,0,2,0,0,0,0,0,None
Barboach,50,48,43,46,41,60,1,0,0,0,0,0,1,None
Whiscash,110,78,73,76,71,60,2,0,0,0,0,0,2,Barboach
Corphish,43,80,65,50,35,35,0,1,0,0,0,0,1,None
Crawdaunt,63,120,85,90,55,55,0,2,0,0,0,0,2,Corphish
Baltoy,40,40,55,40,70,55,0,0,0,0,1,0,1,None
Claydol,60,70,105,70,120,75,0,0,0,0,2,0,2,Baltoy
Lileep,66,41,77,61,87,23,0,0,0,0,1,0,1,None
Cradily,86,81,97,81,107,43,0,0,0,0,2,0,2,Lileep
Anorith,45,95,50,40,50,75,0,1,0,0,0,0,1,None
Armaldo,75,125,100,70,80,45,0,2,0,0,0,0,2,Anorith
Feebas,20,15,20,10,55,80,0,0,0,0,0,1,1,None
Milotic,95,60,79,100,125,81,0,0,0,0,2,0,2,Feebas
Castform,70,70,70,70,70,70,1,0,0,0,0,0,0,None
Kecleon,60,90,70,60,120,40,0,0,0,0,1,0,0,None
Shuppet,44,75,35,63,33,45,0,1,0,0,0,0,1,None
Banette,64,115,65,83,63,65,0,2,0,0,0,0,2,Shuppet
Duskull,20,40,90,30,90,25,0,0,0,0,1,0,1,None
Dusclops,40,70,130,60,130,25,0,0,1,0,1,0,2,Duskull
Tropius,99,68,83,72,87,51,2,0,0,0,0,0,0,None
Chimecho,65,50,70,95,80,65,0,0,0,1,1,0,2,Chingling
Absol,65,130,60,75,60,75,0,2,0,0,0,0,0,None
Wynaut,95,23,48,23,48,23,1,0,0,0,0,0,1,None
Snorunt,50,50,50,50,50,50,1,0,0,0,0,0,1,None
Glalie,80,80,80,80,80,80,2,0,0,0,0,0,2,Snorunt
Spheal,70,40,50,55,50,25,1,0,0,0,0,0,1,None
Sealeo,90,60,70,75,70,45,2,0,0,0,0,0,2,Spheal
Walrein,110,80,90,95,90,65,3,0,0,0,0,0,3,Sealeo
Clamperl,35,64,85,74,55,32,0,0,1,0,0,0,1,None
Huntail,55,104,105,94,75,52,0,1,1,0,0,0,2,Clamperl
Gorebyss,55,84,105,114,75,52,0,0,0,2,0,0,2,Clamperl
Relicanth,100,90,130,45,65,55,1,0,1,0,0,0,0,None
Luvdisc,43,30,55,40,65,97,0,0,0,0,0,1,0,None
Bagon,45,75,60,40,30,50,0,1,0,0,0,0,1,None
Shelgon,65,95,100,60,50,50,0,0,2,0,0,0,2,Bagon
Salamence,95,135,80,110,80,100,0,3,0,0,0,0,3,Shelgon
Beldum,40,55,80,35,60,30,0,0,1,0,0,0,1,None
Metang,60,75,100,55,80,50,0,0,2,0,0,0,2,Beldum
Metagross,80,135,130,95,90,70,0,0,3,0,0,0,3,Metang
Regirock,80,100,200,50,100,50,0,0,3,0,0,0,0,None
Regice,80,50,100,100,200,50,0,0,0,0,3,0,0,None
Registeel,80,75,150,75,150,50,0,0,2,0,1,0,0,None
Latias,80,80,90,110,130,110,0,0,0,0,3,0,0,None
Latios,80,90,80,130,110,110,0,0,0,3,0,0,0,None
Kyogre,100,100,90,150,140,90,0,0,0,3,0,0,0,None
Groudon,100,150,140,100,90,90,0,3,0,0,0,0,0,None
Rayquaza,105,150,90,150,90,95,0,2,0,1,0,0,0,None
Jirachi,100,100,100,100,100,100,3,0,0,0,0,0,0,None
Deoxys Normal,50,150,50,150,50,150,0,1,0,1,0,1,0,None
Deoxys Attack,50,180,20,180,20,150,0,2,0,1,0,0,0,None
Deoxys Defense,50,70,160,70,160,90,0,0,2,0,1,0,0,None
Deoxys Speed,50,95,90,95,90,180,0,0,0,0,0,3,0,None
Turtwig,55,68,64,45,55,31,0,1,0,0,0,0,1,None
Grotle,75,89,85,55,65,36,0,1,1,0,0,0,2,Turtwig
Torterra,95,109,105,75,85,56,0,2,1,0,0,0,3,Grotle
Chimchar,44,58,44,58,44,61,0,0,0,0,0,1,1,None
Monferno,64,78,52,78,52,81,0,0,0,1,0,1,2,Chimchar
Infernape,76,104,71,104,71,108,0,1,0,1,0,1,3,Monferno
Piplup,53,51,53,61,56,40,0,0,0,1,0,0,1,None
Prinplup,64,66,68,81,76,50,0,0,0,2,0,0,2,Piplup
Empoleon,84,86,88,111,101,60,0,0,0,3,0,0,3,Prinplup
Starly,40,55,30,30,30,60,0,0,0,0,0,1,1,None
Staravia,55,75,50,40,40,80,0,0,0,0,0,2,2,Starly
Staraptor,85,120,70,50,60,100,0,3,0,0,0,0,3,Staravia
Bidoof,59,45,40,35,40,31,1,0,0,0,0,0,1,None
Bibarel,79,85,60,55,60,71,0,2,0,0,0,0,2,Bidoof
Kricketot,37,25,41,25,41,25,0,0,1,0,0,0,1,None
Kricketune,77,85,51,55,51,65,0,2,0,0,0,0,2,Kricketot
Shinx,45,65,34,40,34,45,0,1,0,0,0,0,1,None
Luxio,60,85,49,60,49,60,0,2,0,0,0,0,2,Shinx
Luxray,80,120,79,95,79,70,0,3,0,0,0,0,3,Luxio
Budew,40,30,35,50,70,55,0,0,0,1,0,0,1,None
Roserade,60,70,65,125,105,90,0,0,0,3,0,0,3,Roselia
Cranidos,67,125,40,30,30,58,0,1,0,0,0,0,1,None
Rampardos,97,165,60,65,50,58,0,2,0,0,0,0,2,Cranidos
Shieldon,30,42,118,42,88,30,0,0,1,0,0,0,1,None
Bastiodon,60,52,168,47,138,30,0,0,2,0,0,0,2,Shieldon
Burmy,40,29,45,29,45,36,0,0,0,0,1,0,1,None
Wormadam Plant,60,59,85,79,105,36,0,0,0,0,2,0,2,Burmy
Wormadam Sandy,60,79,105,59,85,36,0,0,2,0,0,0,2,Burmy
Wormadam Trash,60,69,95,69,95,36,0,0,1,0,1,0,2,Burmy
Mothim,70,94,50,94,50,66,0,1,0,1,0,0,2,Burmy
Combee,30,30,42,30,42,70,0,0,0,0,0,1,1,None
Vespiquen,70,80,102,80,102,40,0,0,1,0,1,0,2,Combee
Pachirisu,60,45,70,45,90,95,0,0,0,0,0,1,0,None
Buizel,55,65,35,60,30,85,0,0,0,0,0,1,1,None
Floatzel,85,105,55,85,50,115,0,0,0,0,0,2,2,Buizel
Cherubi,45,35,45,62,53,35,0,0,0,1,0,0,1,None
Cherrim,70,60,70,87,78,85,0,0,0,2,0,0,2,Cherubi
Shellos,76,48,48,57,62,34,1,0,0,0,0,0,1,None
Gastrodon,111,83,68,92,82,39,2,0,0,0,0,0,2,Shellos
Ambipom,75,100,66,60,66,115,0,0,0,0,0,2,2,Aipom
Drifloon,90,50,34,60,44,70,1,0,0,0,0,0,1,None
Drifblim,150,80,44,90,54,80,2,0,0,0,0,0,2,Drifloon
Buneary,55,66,44,44,56,85,0,0,0,0,0,1,1,None
Lopunny,65,76,84,54,96,105,0,0,0,0,0,2,2,Buneary
Mismagius,60,60,60,105,105,105,0,0,0,1,1,0,2,Misdreavus
Honchkrow,100,125,52,105,52,71,0,2,0,0,0,0,2,Murkrow
Glameow,49,55,42,42,37,85,0,0,0,0,0,1,1,None
Purugly,71,82,64,64,59,112,0,0,0,0,0,2,2,Glameow
Chingling,45,30,50,65,50,45,0,0,0,1,0,0,1,None
Stunky,63,63,47,41,41,74,0,0,0,0,0,1,1,None
Skuntank,103,93,67,71,61,84,2,0,0,0,0,0,2,Stunky
Bronzor,57,24,86,24,86,23,0,0,1,0,0,0,1,None
Bronzong,67,89,116,79,116,33,0,0,1,0,1,0,2,Bronzor
Bonsly,50,80,95,10,45,10,0,0,1,0,0,0,1,None
Mime Jr.,20,25,45,70,90,60,0,0,0,0,1,0,1,None
Happiny,100,5,5,15,65,30,1,0,0,0,0,0,1,None
Chatot,76,65,45,92,42,91,0,1,0,0,0,0,0,None
Spiritomb,50,92,108,92,108,35,0,0,1,0,1,0,0,None
Gible,58,70,45,40,45,42,0,1,0,0,0,0,1,None
Gabite,68,90,65,50,55,82,0,2,0,0,0,0,2,Gible
Garchomp,108,130,95,80,85,102,0,3,0,0,0,0,3,Gabite
Munchlax,135,85,40,40,85,5,1,0,0,0,0,0,1,None
Riolu,40,70,40,35,40,60,0,1,0,0,0,0,1,None
Lucario,70,110,70,115,70,90,0,1,0,1,0,0,2,Riolu
Hippopotas,68,72,78,38,42,32,0,0,1,0,0,0,1,None
Hippowdon,108,112,118,68,72,47,0,0,2,0,0,0,2,Hippopotas
Skorupi,40,50,90,30,55,65,0,0,1,0,0,0,1,None
Drapion,70,90,110,60,75,95,0,0,2,0,0,0,2,Skorupi
Croagunk,48,61,40,61,40,50,0,1,0,0,0,0,1,None
Toxicroak,83,106,65,86,65,85,0,2,0,0,0,0,2,Croagunk
Carnivine,74,100,72,90,72,46,0,2,0,0,0,0,0,None
Finneon,49,49,56,49,61,66,0,0,0,0,0,1,1,None
Lumineon,69,69,76,69,86,91,0,0,0,0,0,2,2,Finneon
Mantyke,45,20,50,60,120,50,0,0,0,0,1,0,1,None
Snover,60,62,50,62,60,40,0,1,0,0,0,0,1,None
Abomasnow,90,92,75,92,85,60,0,1,0,1,0,0,2,Snover
Weavile,70,120,65,45,85,125,0,1,0,0,0,1,2,Sneasel
Magnezone,70,70,115,130,90,60,0,0,0,3,0,0,3,Magneton
Lickilicky,110,85,95,80,95,50,3,0,0,0,0,0,2,Lickitung
Rhyperior,115,140,130,55,55,40,0,3,0,0,0,0,3,Rhydon
Tangrowth,100,100,125,110,50,50,0,0,2,0,0,0,2,Tangela
Electivire,75,123,67,95,85,95,0,3,0,0,0,0,3,Electabuzz
Magmortar,75,95,67,125,95,83,0,0,0,3,0,0,3,Magmar
Togekiss,85,50,95,120,115,80,0,0,0,2,1,0,3,Togetic
Yanmega,86,76,86,116,56,95,0,2,0,0,0,0,2,Yanma
Leafeon,65,110,130,60,65,95,0,0,2,0,0,0,2,Eevee
Glaceon,65,60,110,130,95,65,0,0,0,2,0,0,2,Eevee
Gliscor,75,95,125,45,75,95,0,0,2,0,0,0,2,Gligar
Mamoswine,110,130,80,70,60,80,0,3,0,0,0,0,3,Piloswine
Porygon-Z,85,80,70,135,75,90,0,0,0,3,0,0,3,Porygon2
Gallade,68,125,65,65,115,80,0,3,0,0,0,0,3,Kirlia
Probopass,60,55,145,75,150,40,0,0,1,0,2,0,2,Nosepass
Dusknoir,45,100,135,65,135,45,0,0,1,0,2,0,3,Dusclops
Froslass,70,80,70,80,70,110,0,0,0,0,0,2,2,Snorunt
Rotom Normal,50,50,77,95,77,91,0,0,0,1,0,1,0,None
Rotom Heat,50,65,107,105,107,86,0,0,0,1,0,1,0,None
Rotom Wash,50,65,107,105,107,86,0,0,0,1,0,1,0,None
Rotom Frost,50,65,107,105,107,86,0,0,0,1,0,1,0,None
Rotom Fan,50,65,107,105,107,86,0,0,0,1,0,1,0,None
Rotom Mow,50,65,107,105,107,86,0,0,0,1,0,1,0,None
Uxie,75,75,130,75,130,95,0,0,2,0,1,0,0,None
Mesprit,80,105,105,105,105,80,0,1,0,1,1,0,0,None
Azelf,75,125,70,125,70,115,0,2,0,1,0,0,0,None
Dialga,100,120,120,150,100,90,0,0,0,3,0,0,0,None
Palkia,90,120,100,150,120,100,0,0,0,3,0,0,0,None
Heatran,91,90,106,130,106,77,0,0,0,3,0,0,0,None
Regigigas,110,160,110,80,110,100,0,3,0,0,0,0,0,None
Giratina Altered,150,100,120,100,120,90,3,0,0,0,0,0,0,None
Giratina Origin,150,120,100,120,100,90,3,0,0,0,0,0,0,None
Cresselia,120,70,120,75,130,85,0,0,0,0,3,0,0,None
Phione,80,80,80,80,80,80,1,0,0,0,0,0,0,None
Manaphy,100,100,100,100,100,100,3,0,0,0,0,0,0,None
Darkrai,70,90,90,135,90,125,0,0,0,2,0,1,0,None
Shaymin Land,100,100,100,100,100,100,3,0,0,0,0,0,0,None
Shaymin Sky,100,103,75,120,75,127,0,0,0,0,0,3,0,None
Arceus,120,120,120,120,120,120,3,0,0,0,0,0,0,None
Victini,100,100,100,100,100,100,3,0,0,0,0,0,0,None
Snivy,45,45,55,45,55,63,0,0,0,0,0,1,1,None
Servine,60,60,75,60,75,83,0,0,0,0,0,2,2,Snivy
Serperior,75,75,95,75,95,113,0,0,0,0,0,3,3,Servine
Tepig,65,63,45,45,45,45,1,0,0,0,0,0,1,None
Pignite,90,93,55,70,55,55,0,2,0,0,0,0,2,Tepig
Emboar,110,123,65,100,65,65,0,3,0,0,0,0,3,Pignite
Oshawott,55,55,45,63,45,45,0,0,0,1,0,0,1,None
Dewott,75,75,60,83,60,60,0,0,0,2,0,0,2,Oshawott
Samurott,95,100,85,108,70,70,0,0,0,3,0,0,3,Dewott
Patrat,45,55,39,35,39,42,0,1,0,0,0,0,1,None
Watchog,60,85,69,60,69,77,0,2,0,0,0,0,2,Patrat
Lillipup,45,60,45,25,45,55,0,1,0,0,0,0,1,None
Herdier,65,80,65,35,65,60,0,2,0,0,0,0,2,Lillipup
Stoutland,85,100,90,45,90,80,0,3,0,0,0,0,3,Herdier
Purrloin,41,50,37,50,37,66,0,0,0,0,0,1,1,None
Liepard,64,88,50,88,50,106,0,0,0,0,0,2,2,Purrloin
Pansage,50,53,48,53,48,64,0,0,0,0,0,1,1,None
Simisage,75,98,63,98,63,101,0,0,0,0,0,2,2,Pansage
Pansear,50,53,48,53,48,64,0,0,0,0,0,1,1,None
Simisear,75,98,63,98,63,101,0,0,0,0,0,2,2,Pansear
Panpour,50,53,48,53,48,64,0,0,0,0,0,1,1,None
Simipour,75,98,63,98,63,101,0,0,0,0,0,2,2,Panpour
Munna,76,25,45,67,55,24,1,0,0,0,0,0,1,None
Musharna,116,55,85,107,95,29,2,0,0,0,0,0,2,Munna
Pidove,50,55,50,36,30,43,0,1,0,0,0,0,1,None
Tranquill,62,77,62,50,42,65,0,2,0,0,0,0,2,Pidove
Unfezant,80,105,80,65,55,93,0,3,0,0,0,0,3,Tranquill
Blitzle,45,60,32,50,32,76,0,0,0,0,0,1,1,None
Zebstrika,75,100,63,80,63,116,0,0,0,0,0,2,2,Blitzle
Roggenrola,55,75,85,25,25,15,0,0,1,0,0,0,1,None
Boldore,70,105,105,50,40,20,0,1,1,0,0,0,2,Roggenrola
Gigalith,85,135,130,60,70,25,0,3,0,0,0,0,3,Boldore
Woobat,55,45,43,55,43,72,0,0,0,0,0,1,1,None
Swoobat,67,57,55,77,55,114,0,0,0,0,0,2,2,Woobat
Drilbur,60,85,40,30,45,68,0,1,0,0,0,0,1,None
Excadrill,110,135,60,50,65,88,0,2,0,0,0,0,2,Drilbur
Audino,103,60,86,60,86,50,2,0,0,0,0,0,0,None
Timburr,75,80,55,25,35,35,0,1,0,0,0,0,1,None
Gurdurr,85,105,85,40,50,40,0,2,0,0,0,0,2,Timburr
Conkeldurr,105,140,95,55,65,45,0,3,0,0,0,0,3,Gurdurr
Tympole,50,50,40,50,40,64,0,0,0,0,0,1,1,None
Palpitoad,75,65,55,65,55,69,2,0,0,0,0,0,2,Tympole
Seismitoad,105,85,75,85,75,74,3,0,0,0,0,0,3,Palpitoad
Throh,120,100,85,30,85,45,2,0,0,0,0,0,0,None
Sawk,75,125,75,30,75,85,0,2,0,0,0,0,0,None
Sewaddle,45,53,70,40,60,42,0,0,1,0,0,0,1,None
Swadloon,55,63,90,50,80,42,0,0,2,0,0,0,2,Sewaddle
Leavanny,75,103,80,70,80,92,0,3,0,0,0,0,3,Swadloon
Venipede,30,45,59,30,39,57,0,0,1,0,0,0,1,None
Whirlipede,40,55,99,40,79,47,0,0,2,0,0,0,2,Venipede
Scolipede,60,90,89,55,69,112,0,0,0,0,0,3,3,Whirlipede
Cottonee,40,27,60,37,50,66,0,0,0,0,0,1,1,None
Whimsicott,60,67,85,77,75,116,0,0,0,0,0,2,2,Cottonee
Petilil,45,35,50,70,50,30,0,0,0,1,0,0,1,None
Lilligant,70,60,75,110,75,90,0,0,0,2,0,0,2,Petilil
Basculin,70,92,65,80,55,98,0,0,0,0,0,2,0,None
Sandile,50,72,35,35,35,65,0,1,0,0,0,0,1,None
Krokorok,60,82,45,45,45,74,0,2,0,0,0,0,2,Sandile
Krookodile,95,117,70,65,70,92,0,3,0,0,0,0,3,Krokorok
Darumaka,70,90,45,15,45,50,0,1,0,0,0,0,1,None
Darmanitan Standard,105,140,55,30,55,95,0,2,0,0,0,0,2,Darumaka
Darmanitan Zen,105,30,105,140,105,55,0,0,0,2,0,0,2,Darumaka
Maractus,75,86,67,106,67,60,0,0,0,2,0,0,0,None
Dwebble,50,65,85,35,35,55,0,0,1,0,0,0,1,None
Crustle,70,95,125,65,75,45,0,0,2,0,0,0,2,Dwebble
Scraggy,50,75,70,35,70,48,0,1,0,0,0,0,1,None
Scrafty,65,90,115,45,115,58,0,0,1,0,1,0,2,Scraggy
Sigilyph,72,58,80,103,80,97,0,0,0,2,0,0,0,None
Yamask,38,30,85,55,65,30,0,0,1,0,0,0,1,None
Cofagrigus,58,50,145,95,105,30,0,0,2,0,0,0,2,Yamask
Tirtouga,54,78,103,53,45,22,0,0,1,0,0,0,1,None
Carracosta,74,108,133,83,65,32,0,0,2,0,0,0,2,Tirtouga
Archen,55,112,45,74,45,70,0,1,0,0,0,0,1,None
Archeops,75,140,65,112,65,110,0,2,0,0,0,0,2,Archen
Trubbish,50,50,62,40,62,65,0,0,0,0,0,1,1,None
Garbodor,80,95,82,60,82,75,0,2,0,0,0,0,2,Trubbish
Zorua,40,65,40,80,40,65,0,0,0,1,0,0,1,None
Zoroark,60,105,60,120,60,105,0,0,0,2,0,0,2,Zorua
Minccino,55,50,40,40,40,75,0,0,0,0,0,1,1,None
Cinccino,75,95,60,65,60,115,0,0,0,0,0,2,2,Minccino
Gothita,45,30,50,55,65,45,0,0,0,0,1,0,1,None
Gothorita,60,45,70,75,85,55,0,0,0,0,2,0,2,Gothita
Gothitelle,70,55,95,95,110,65,0,0,0,0,3,0,3,Gothorita
Solosis,45,30,40,105,50,20,0,0,0,1,0,0,1,None
Duosion,65,40,50,125,60,30,0,0,0,2,0,0,2,Solosis
Reuniclus,110,65,75,125,85,30,0,0,0,3,0,0,3,Duosion
Ducklett,62,44,50,44,50,55,1,0,0,0,0,0,1,None
Swanna,75,87,63,87,63,98,0,0,0,0,0,2,2,Ducklett
Vanillite,36,50,50,65,60,44,0,0,0,1,0,0,1,None
Vanillish,51,65,65,80,75,59,0,0,0,2,0,0,2,Vanillite
Vanilluxe,71,95,85,110,95,79,0,0,0,3,0,0,3,Vanillish
Deerling,60,60,50,40,50,75,0,0,0,0,0,1,1,None
Sawsbuck,80,100,70,60,70,95,0,2,0,0,0,0,2,Deerling
Emolga,55,75,60,75,60,103,0,0,0,0,0,2,0,None
Karrablast,50,75,45,40,45,60,0,1,0,0,0,0,1,None
Escavalier,70,135,105,60,105,20,0,2,0,0,0,0,2,Karrablast
Foongus,69,55,45,55,55,15,1,0,0,0,0,0,1,None
Amoonguss,114,85,70,85,80,30,2,0,0,0,0,0,2,Foongus
Frillish,55,40,50,65,85,40,0,0,0,0,1,0,1,None
Jellicent,100,60,70,85,105,60,0,0,0,0,2,0,2,Frillish
Alomomola,165,75,80,40,45,65,2,0,0,0,0,0,0,None
Joltik,50,47,50,57,50,65,0,0,0,0,0,1,1,None
Galvantula,70,77,60,97,60,108,0,0,0,0,0,2,2,Joltik
Ferroseed,44,50,91,24,86,10,0,0,1,0,0,0,1,None
Ferrothorn,74,94,131,54,116,20,0,0,2,0,0,0,2,Ferroseed
Klink,40,55,70,45,60,30,0,0,1,0,0,0,1,None
Klang,60,80,95,70,85,50,0,0,2,0,0,0,2,Klink
Klinklang,60,100,115,70,85,90,0,0,3,0,0,0,3,Klang
Tynamo,35,55,40,45,40,60,0,0,0,0,0,1,1,None
Eelektrik,65,85,70,75,70,40,0,2,0,0,0,0,2,Tynamo
Eelektross,85,115,80,105,80,50,0,3,0,0,0,0,3,Eelektrik
Elgyem,55,55,55,85,55,30,0,0,0,1,0,0,1,None
Beheeyem,75,75,75,125,95,40,0,0,0,2,0,0,2,Elgyem
Litwick,50,30,55,65,55,20,0,0,0,1,0,0,1,None
Lampent,60,40,60,95,60,55,0,0,0,2,0,0,2,Litwick
Chandelure,60,55,90,145,90,80,0,0,0,3,0,0,3,Lampent
Axew,46,87,60,30,40,57,0,1,0,0,0,0,1,None
Fraxure,66,117,70,40,50,67,0,2,0,0,0,0,2,Axew
Haxorus,76,147,90,60,70,97,0,3,0,0,0,0,3,Fraxure
Cubchoo,55,70,40,60,40,40,0,1,0,0,0,0,1,None
Beartic,95,130,80,70,80,50,0,2,0,0,0,0,2,Cubchoo
Cryogonal,80,50,50,95,135,105,0,0,0,0,2,0,0,None
Shelmet,50,40,85,40,65,25,0,0,1,0,0,0,1,None
Accelgor,80,70,40,100,60,145,0,0,0,0,0,2,2,Shelmet
Stunfisk,109,66,84,81,99,32,2,0,0,0,0,0,0,None
Mienfoo,45,85,50,55,50,65,0,1,0,0,0,0,1,None
Mienshao,65,125,60,95,60,105,0,2,0,0,0,0,2,Mienfoo
Druddigon,77,120,90,60,90,48,0,2,0,0,0,0,0,None
Golett,59,74,50,35,50,35,0,1,0,0,0,0,1,None
Golurk,89,124,80,55,80,55,0,2,0,0,0,0,2,Golett
Pawniard,45,85,70,40,40,60,0,1,0,0,0,0,1,None
Bisharp,65,125,100,60,70,70,0,2,0,0,0,0,2,Pawniard
Bouffalant,95,110,95,40,95,55,0,2,0,0,0,0,0,None
Rufflet,70,83,50,37,50,60,0,1,0,0,0,0,1,None
Braviary,100,123,75,57,75,80,0,2,0,0,0,0,2,Rufflet
Vullaby,70,55,75,45,65,60,0,0,1,0,0,0,1,None
Mandibuzz,110,65,105,55,95,80,0,0,0,2,0,0,2,Vullaby
Heatmor,85,97,66,105,66,65,0,0,0,2,0,0,0,None
Durant,58,109,112,48,48,109,0,0,2,0,0,0,0,None
Deino,52,65,50,45,50,38,0,1,0,0,0,0,1,None
Zweilous,72,85,70,65,70,58,0,2,0,0,0,0,2,Deino
Hydreigon,92,105,90,125,90,98,0,0,0,3,0,0,3,Zweilous
Larvesta,55,85,55,50,55,60,0,1,0,0,0,0,1,None
Volcarona,85,60,65,135,105,100,0,0,0,3,0,0,2,Larvesta
Cobalion,91,90,129,90,72,108,0,0,3,0,0,0,0,None
Terrakion,91,129,90,72,90,108,0,3,0,0,0,0,0,None
Virizion,91,90,72,90,129,108,0,0,0,0,3,0,0,None
Tornadus Incarnate,79,115,70,125,80,111,0,3,0,0,0,0,0,None
Tornadus Therian,79,100,80,110,90,121,0,0,0,0,0,3,0,None
Thundurus Incarnate,79,115,70,125,80,111,0,3,0,0,0,0,0,None
Thundurus Therian,79,105,70,145,80,101,0,0,0,3,0,0,0,None
Reshiram,100,120,100,150,120,90,0,0,0,3,0,0,0,None
Zekrom,100,150,120,120,100,90,0,3,0,0,0,0,0,None
Landorus Incarnate,89,125,90,115,80,101,0,0,0,3,0,0,0,None
Landorus Therian,89,145,90,105,80,91,0,3,0,0,0,0,0,None
Kyurem,125,130,90,130,90,95,1,1,0,1,0,0,0,None
Kyurem Black,125,170,100,120,90,95,0,3,0,0,0,0,0,None
Kyurem White,125,120,90,170,100,95,0,0,0,3,0,0,0,None
Keldeo,91,72,90,129,90,108,0,0,0,3,0,0,0,None
Meloetta Aria,100,77,77,128,128,90,0,0,0,1,1,1,0,None
Meloetta Pirouette,100,128,90,77,77,128,0,1,1,0,0,1,0,None
Genesect,71,120,95,120,95,99,0,1,0,1,0,1,0,None
